
trade_company_west_india = {
	color = { 135 104 85 }
	
	provinces = { 
503 504 2072 512 513 514 2052 2054 517 2058 521 529 530 505 2088 2066 2087 2067 518 2053 515 2051 516 2036 2089 4429 4430 4454 4455 4455 4456 4457 4462 4480 4501 4502 4503 4504 4505 4506 4507 4512 11571 11572 11573 11574 11575 11576 11577 12085 12086 12087 12088 12121 12122 12123 12124 12125 12126 12127 12128 12129 12130 12131
	}
	
	# Generic
	names = {
		trigger = {
			OR = {
				tag = GBR
				tag = ENG
			}
			primary_culture = english
		}
		name = "TRADE_COMPANY_INDIA_British_trade_company_south_india"
	}
	names = {
		name = "TRADE_COMPANY_WEST_INDIA_Root_Culture_GetName"
	}
	names = {
		name = "TRADE_COMPANY_WEST_INDIA_India_Trade_Company"
	}
}

trade_company_east_india = {
	color = { 230 0 0 }
	
	provinces = {
547 552 2048 560 561 562 563 564 567 568 579 586 590 1815 2043 2049 553 2082 2044 2045 2096 2081 2038 2039 2046 2091 2402 2403 4473 4399 4441 4445 4446 4447 4448 4450 4451 4452 4470 4471 4474 4475 4476 4477 4478 4479 4486 12113 12114 12115 12116 12117 12118 12119 12120 12174 12175 12176 12177 12178 12179 12180 12181 12182 12183 12184 12185 12186 12187 12188 12189 12190 12191 12192 12193 12194 12195 12199 12200 12201 12202 12203 12204 12205 12208 12209 12210 12211 12212 12213 12214 12215 12217 12218 12219 12241 12242 12243 12244 12245 12803 12804 12805 12806 12807 12808 12809 12810 12811 12812 12813 
12814 12815 12816 12817 12841 12842 12843 12844 12845 12846 12847 12848 12849 12850 12851 12852 12853 12854 12855 12856 12857 12858 12859 12860
	}
	
	# Generic
	names = {
		trigger = {
			OR = {
				tag = GBR
				tag = ENG
			}
			primary_culture = english
		}
		name = "TRADE_COMPANY_INDIA_British_East_India_Company"
	}
	# Generic
	names = {
		name = "TRADE_COMPANY_EAST_INDIA_Root_Culture_GetName"
	}
	names = {
		name = "TRADE_COMPANY_EAST_INDIA_India_Trade_Company"
	}
}

trade_company_burma = {
	color = { 135 150 0 }
	
	provinces = {
566 570 571 573 580 581 582 583 584 585 587 588 1788 1950 2042 2040 2041 2398 2397 2395 2396 2400 2399 2401 4393 4394 4395 4396 4397 4398 4400 4404 4405 4406 4440 12220 12221 12222 12223 12224 12225 12226 12227 12228 12229 12230 12231 12232 12233 12234 12235 12236 12237 12238 12239 12240 12246 12247 12248 12818 12819 12820 12821 12822 12823 12824 12825 12826 12827 12828 12829 12830 12831 12832 12833 12834 12835 12836 12837 12838 12839 12840
	}
	
	# Generic
	names = {
		name = "TRADE_COMPANY_BURMA_Root_Culture_GetName"
	}
	names = {
		name = "TRADE_COMPANY_BURMA_India_Trade_Company"
	}
}

trade_company_coromandel = {
	color = { 50 30 210 }
	
	provinces = {
2030 533 534 535 536 537 538 539 540 541 2083 549 572 1101 1248 2085 1949 531 2029 2032 2101 2100 2099 2026 1947 2027 2031 2090 543 2084 2080 4407 4408 4409 4410 4412 4413 4414 4415 4416 4417 4418 4419 4420 4421 4422 4423 4424 4425 4426 4427 12016 12017 12018 12155 12156 12157 12158 12159 12160 12161 12162 12163 12164 12165 12166 12167 12168 12169 12170 12171 12172 12173 12251
	}
	
	# Generic
	names = {
		trigger = {
			OR = {
				tag = GBR
				tag = ENG
			}
			primary_culture = english
		}
		name = "TRADE_COMPANY_INDIA_British_trade_company_coromandel"
	}
	names = {
		name = "TRADE_COMPANY_COROMANDEL_Root_Culture_GetName"
	}
	names = {
		name = "TRADE_COMPANY_COROMANDEL_India_Trade_Company"
	}
}

trade_company_deccan = {
	color = { 175 27 217 }
	
	provinces = {
526 527 532 2037 544 545 546 548 551 569 2093 1946 1948 2056 2057 550 2092 2034 2033 542 2035 2028 2050 4428 4431 4432 4433 4434 4435 4436 4437 4438 4439 4442 4443 4444 4453 4458 4460 4461 12102 12103 12104 12105 12106 12107 12108 12109 12110 12132 12133 12134 12135 12136 12137 12138 12139 12140 12141 12142 12143 12144 12145 12146 12147 12148 12149 12150 12151 12152 12153 12154
	}
	
	# Generic
	names = {
		name = "TRADE_COMPANY_DECCAN_Root_Culture_GetName"
	}
	names = {
		name = "TRADE_COMPANY_DECCAN_India_Trade_Company"
	}
}

trade_company_north_india = {
	color = { 220 150 10 }
	
	provinces = {
509 510 511 519 520 522 523 524 525 528 2098 556 555 558 559 2065 2062 2060 2069 2064 740 2097 2059 2063 2061 2094 2055 2095 2047 4459 4464 4465 4466 4467 4468 4469 4472 4484 4487 4488 4489 4490 4493 4494 4495 4496 4497 4498 4499 4500 12028 12029 12030 12031 12032 12033 12034 12035 12036 12037 12038 12051 12052 12053 12054 12055 12056 12057 12058 12059 12060 12061 12062 12063 12064 12065 12066 12067 12068 12069 12070 12071 12072 12073 12074 12075 12076 12077 12078 12079 12080 12081 12082 12083 12084 12089 12090 12091 12092 12093 12094 12095 12096 12097 12098 12099 12100 12101 12111 12112 12196 12197 12198 12206 12207
	}
	
	# Generic
	names = {
		name = "TRADE_COMPANY_NORTH_INDIA_Root_Culture_GetName"
	}
	names = {
		name = "TRADE_COMPANY_NORTH_INDIA_India_Trade_Company"
	}
}

trade_company_indonesia = {
	color = { 0 240 0 }
	
	provinces = {
574 593 594 595 596 597 598 599 617 618 2681 620 621 622 623 636 637 638 639 2706 2686 1998 1999 2705 2390 2391 2394 2393 2392 2673 2674 2685 619 2675 2682 2680 2676 2677 2684 2678 2704 640 2708 2707 2712 2710 2711 2709 2703 659 2679 2683 2740 9250 9251 9252 9253 9254 9255 9256 9257 9258 9259 9260 9261 9262 9263 9264 9265 9266 9267 9268 9269 9270 9271 9272 9273 9274 9275 9276 9277 9278 9279 9280 9281 9282 9283 9284 9285 9286 9287 9288 9289 9290 9291 9292 9293 9294 9295 9296 9297 9298 9299 9300 9301 9302 9303 9304 9305 9306 9307 9308 9309 9310 9311 9312 9313 9314 9315 9316 9317 9318 9319 9320 9321 9322 9323 9324 9325 9326 9327 9328 9329 9330 9331 9332 9333 9334 9335 9336 9337 9338 9339 9340 9341 9342 9343 9344 9345 9346 9347 9348 9349 9350 9351 9352 9353 9354 9355 9356 9357 9358 9359 9360 9361 9362 9363 9898 9899 9900 9901 9902 9903 9904 9905 9906 9907 9908 9909 9910 9911 9912 9913 9914 9915 9916 9917 9918 9919 9920 9921 9922 9923 9924 9925 9926 9927 9928 9929 9930 9931 9932 9933 9934 9935 9936 9937 9938 9939 9940 9941 9942 9943 9944 9945 9946 9947 9948 9949 9950 9951 9952 9953 9954 9955 9956 9957 9958 9959 9960 9961 9962 9963 10111 10112 10113 10114 10115 10116 10117 10118 10119 10120 10121 10122 10123 10124 10125 10126 10127 10128 10129 10130 10131 10132 10133 10134 10135 10136 10137 10138 10139 10140 10141 10142 10143 10144 10145 10146 10147 10148 10149 10150 10151 10152 10153 10154 10155 10156 10157 10158 10159 10160 10161 10162 10163 10164 10165 10166 10167 10168 10169 10170 10171 10172 10173 10174 10175 10176 10177 10178 10179 10180 10181 10182 10183 10184 10185 12249 12250
	}

	# Specific (Removed for potential confusion)
	#names = {
	#	trigger = {
	#		primary_culture = dutch
	#	}
	#	name = "TRADE_COMPANY_INDONESIA_Dutch_East_Indies_Company"
	#}
	# Generic
	names = {
		name = "TRADE_COMPANY_INDONESIA_Root_Culture_GetName"
	}
	names = {
		name = "TRADE_COMPANY_INDONESIA_Indonesia_Trade_Company"
	}
}

trade_company_philippines = {
	color = { 0 200 150 }
	
	provinces = {
651 652 653 654 655 656 657 658 1996 2698 2697 2699 2700 2702 2701 4348 4349 4350 4351 4352 4353 4354 4355 4356 9707 9708 9709 9710 9711 9712 9713 9714 9715 9716 9717 9718 9719 9720 9721 9722 9723 9724 9725 9726 9727 9728 9729 9730 9731 9732 9733 9734 9735 9736 9737 9738 9739 9740 9741 9742 9743 9744 9745 9746 9747 9748 9749 9750 9751 9752 9753 9754 9755 9756 9757 9758 9759 9760 9761 9762 9763 9764
	}

	# Generic
	names = {
		name = "TRADE_COMPANY_PHILIPPINES_Root_Culture_GetName"
	}
	names = {
		name = "TRADE_COMPANY_PHILIPPINES_Indonesia_Trade_Company"
	}
}

trade_company_moluccas = {
	color = { 196 191 61 }
	
	provinces = {
624 625 2690 627 629 2689 630 631 632 633 634 2695 641 642 643 644 645 646 647 648 649 650 1245 1789 635 2687 2688 626 628 2691 2692 2693 2715 2714 2713 2717 2716 2696 2725 2718 2723 2724 9364 9365 9366 9367 9368 9369 9370 9371 9372 9373 9374 9375 9376 9377 9378 9379 9380 9381 9382 9383 9384 9385 9386 9387 9388 9389 9390 9391 9392 9393 9394 9395 9396 9397 9398 9399 9400 9401 9402 9403 9404 9405 9406 9407 9408 9409 9410 9411 9412 9413 9414 9415 9416 9417 9418 9419 9420 9421 9422 9423 9424 9425 9426 9427 9428 9429 9430 9431 9432 9433 9434 9435 9436 9437 9438 9439 9440 9441 9442 9443 9444 9445 9446 9447 9448 9449 9450 9451 9452 9453 9454 9455 9456 9457 9458 9459 9460 9461 9462 9463 9464 9465 9466 9467 9468 9469 9470 9471 9472 9473 9474 9475 9476 9477 9478 9479 9480 9481 9482 9483 9484 9485 9486 9487 9488 9489 9490 9491 9492 9493 9494 9495 9496 9497 9498 9499 9500 9501 9502 9503 9504 9886 9887 9888 9889 9890 9891 9892 9893 9894 9895 9896 9897
	}

	# Generic
	names = {
		name = "TRADE_COMPANY_MOLUCCAS_Root_Culture_GetName"
	}
	names = {
		name = "TRADE_COMPANY_MOLUCCAS_Indonesia_Trade_Company"
	}
}

trade_company_indochina = {
	color = { 84 152 93 }
	
	provinces = {
589 2404 592 600 601 602 603 604 605 606 607 608 609 611 612 614 615 1022 1817 1823 1844 591 2389 2388 2386 2385 2381 2384 2382 2383 2371 2375 2374 2376 2377 2378 2380 2379 2387 10186 10187 10188 10189 10190 10191 10192 10193 10194 10195 10196 10197 10198 10199 10200 10201 10202 10203 10204 10205 10206 10207 10208 10209 10210 10211 10212 10213 10214 10215 10216 10217 10218 10219 10220 10221 10222 10223 10224 10225 10226 10227 10228 10229 10230 10231 10232 10233 10234 10235 10236 10237 10238 10239 10240 10241 10242 10243 10244 10245 10246 10247 10248 10249 10250 10251 10252 10253 10254 10255 10256 10257 10258 10259 10260 10261 10262 10263 10264 10265 10266 10267 10268 10269 10270 10271 10272 10273 10274 10275 10276 10277 10278 10279 10280 10281 10282 10283 10284 12802
	}
	
	# Specific
	# Generic
	names = {
		name = "TRADE_COMPANY_INDOCHINA_Root_Culture_GetName"
	}
	names = {
		name = "TRADE_COMPANY_INDOCHINA_China_Trade_Company"
	}
}

trade_company_south_china = {
	color = { 100 230 20 }
	
	provinces = {
2373 2372 613 662 664 2163 665 666 667 668 671 672 674 738 610 1840 616 1016 663 2164 2161 2159 2160 2162 2158 2157 2156 2174 2173 673 2155 2154 4199 10285 10286 10287 10288 10289 10290 10291 10292 10293 10294 10295 10296 10297 10298 10299 10300 10301 10302 10303 10304 10305 10306 10307 10308 11807 11808 11809 11810 11811 11812 11813 11814 11815 11816 11817 11818 11819 11820 11821 11822 11823 11824 11825 11826 11827 11828 11829 11830 11831 11832 11833 11834 11835 11836 11837 11838 11839 11840 11841 11842 11863 11864 11865 11866 11867 11884 11885 11886 11892 11893 11894 11895 11896 11897 11898 11899 11900 11901 11902 11903 11904  
	}
	
	# Specific
	# Generic
	names = {
		name = "TRADE_COMPANY_SOUTH_CHINA_Root_Culture_GetName"
	}
	names = {
		name = "TRADE_COMPANY_SOUTH_CHINA_China_Trade_Company"
	}
}

trade_company_east_china = {
	color = { 178 34 34 }
	
	provinces = {
669 670 2172 682 684 683 2142 686 2175 1015 1821 1822 1824 1829 1833 687 1838 2153 2152 2150 2149 2148 2146 2147 2151 2171 681 2176 2144 2141 2143 2145 685 4196 4197 11750 11751 11752 11753 11754 11755 11756 11757 11758 11759 11760 11761 11762 11763 11764 11765 11766 11767 11768 11769 11770 11771 11772 11773 11774 11775 11776 11777 11778 11779 11780 11781 11782 11783 11784
	}
	
	# Specific
	# Generic
	names = {
		name = "TRADE_COMPANY_EAST_CHINA_Root_Culture_GetName"
	}
	names = {
		name = "TRADE_COMPANY_EAST_CHINA_China_Trade_Company"
	}
}

trade_company_north_china = {
	color = { 60 60 255 }
	
	provinces = {
2139 691 696 695 2136 703 704 722 726 1816 690 2138 2140 2137 2113 2112 2115 4194 4195 4203 11708 11709 11710 11711 11712 11713 11714 11715 11716 11723 11724 11725 11726 11728 11729 11730 11731 11732 11733 11734 11735 11736 11737 11738 11739 11740 11741 11742 11743 11744 11745 11746 11747 11748 11749 14397 14398
	}
	
	# Specific
	# Generic
	names = {
		name = "TRADE_COMPANY_NORTH_CHINA_Root_Culture_GetName"
	}
	names = {
		name = "TRADE_COMPANY_NORTH_CHINA_China_Trade_Company"
	}
}

trade_company_north_sea = {
	color = { 117 165 188 }
	
	provinces = {
1975 1266 1280 1281 1282 1929 248 249 251 246 247 4361 4362 253 4364 4365 250 252 369 4110 4363 375 376 4119 4153 373 374 4120 4379 372 4121 4380 4118 4377 4378 10 20 21 1978 1979 370 371 23 24 2752 4145 9136 9137 9138 9139 9140 9141 9142 9143 9144 9145 9146 9147 9148 9149 9150 9151 9152 9153 9154 9155 9156 9157 9158 9159 9160 9161 9162 9163 9164 9165 9166 9167 9168 9169 9170 9171 9172 9173 9174 9175 9176 9177 9178 9179 9180 9181 9182 9183 9184 9185 9186 9187 9188 9189 9190 9191 9192 9193 9194 9195 9196 9197 9198 9199 9200 9201 9202 9203 9204 9205 9206 9207 9208 9209 9210 9211 9212 9213 9214 9215 9216 4858 4859 4860 4861 4862 4863
12289 12290 12291 12292 12293 12294 12295 12296 12297 12310 12311 12312 12313 12314 12315 12316 12317 12318 12319 12320 12321 12322 12323 12324 
12325 12326 12327 12328 12329 12330 12331 12332 12333 12334
	}
	
	# Specific
	# Generic
	names = {
		name = "TRADE_COMPANY_NORTH_SEA_Root_Culture_GetName"
	}
	names = {
		name = "TRADE_COMPANY_NORTH_SEA_European_Trade_Company"
	}
}

trade_company_white_sea = {
	color = { 210 46 28 }
	
	provinces = {
315 1777 1963 2425 1072 1077 1755 1780 1963 1964 4129 4152 1955 4122 4256 4257 313 1776 1958 4258 314 4262 4263 32 309 4124 4864 4865 4866 4867 4868 4869 4870 4871 4872 4978 4979 4873 4874 4875 4876 4877 4878 4879 4897 4898 4899 4900 4901 4904 4905 4906 4907 4908 4909 4910 4911 4912 4913 4914 4915 4916 4917 4918 4919 4920 4921 4922 4923 4924 4925 4926 4927 4928 4929 9965 4892 4893 4894 4895 4896 5650 4156 9964
	}
	
	# Specific
	# Generic
	names = {
		name = "TRADE_COMPANY_WHITE_SEA_Root_Culture_GetName"
	}
	names = {
		name = "TRADE_COMPANY_WHITE_SEA_European_Trade_Company"
	}
}

trade_company_lubeck = {
	color = { 190 70 70 }
	
	provinces = {
6 12 13 14 15 16 17 22 26 44 45 46 47 48 53 54 55 1775 1857 1874 1858 1981 1982 1983 1984 7 2994 2995 2996 4141 4142 4143 4144 4149 4163 4164 4165 9108 9109 9110 9111 9112 9113 9114 9115 9116 9117 9118 9119 9120 9121 9122 9123 9124 9125 9126 9127 9128 9129 9130 9131 9132 9133 9134 9135 9553 9554 9555 9556 9557 9558 9559 9560 9561 9562 9563 9564 9565 9566 9567 9568 9569 9570 9571 9572 9573 9574 9575 9576 9577 9578 9579 9580 9581 9582 9583 9584 9585 9586 9587 9588 9589 9590 9591 9592 9593 9594 9595 9596 9597 9598 9599 9600 11342 11343 11344 11345 11346 11347 11348 11349 11350 11351 11352 11353 11354 11355 11356 11357 11358 11359 11360 11361 11362 11363 11364 11365 11366 11367 11368 11369 11370 11371 11372 11373 11374 11375 11376 12393 12394 12395 12396 12397 12398 12399 12400 12422 12423 12424 12425 12426 12427 12428 12520 12521 12522 12523 12524 12525 12526 12527 12528 12529 12530 12593 12594
	}
	
	# Specific
	# Generic
	names = {
		name = "TRADE_COMPANY_LUBECK_Root_Culture_GetName"
	}
	names = {
		name = "TRADE_COMPANY_LUBECK_European_Trade_Company"
	}
}

trade_company_baltic_sea = {
	color = { 8 82 165 }
	
	provinces = {
1 2 3 4 5 1985 8 9 11 18 19 25 27 28 29 31 35 37 38 39 40 271 273 1930 1935 1936 41 42 43 1841 767 2958 2997 4113 4114 4123 4151 4166 270 36 1834 1842 4241 4534 5124 5125 5126 5127 5128 5129 5130 5131 5132 5133 5134 5135 8436 8437 8438 8439 8440 8441 8442 8443 8444 8445 8446 8447 8448 8449 8450 8451 8452 8453 8454 8455 8456 8457 9601 9602 9603 9604 9605 9606 9607 9608 9609 9610 9611 9612 9613 9614 9615 9616 9617 9618 9619 9620 9621 9622 9623 9624 9625 9626 9627 9628 9629 9630 9631 9632 9633 9634 9635 9636 9637 9638 9639 9640 9641 9642 9643 9644 9645 9646 9647 9648 9649 9650 9651 9652 9653 9654 9655 9656 9657 9658 9659 9660 9661 9662 9663 9664 9665 9666 9667 9668 9669 9670 9671 9672 9673 9674 9675 9676 9677 9678 9679 9680 9681 9682 9683 9684 9685 9686 9687 9688 9689 9690 9691 9692 9693 9694 9695 9696 9697 9698 9699 9700 9701 12595 12596 12644 12645 12646 12647 12648 12649 12650 12651 12664 12665 12666 12667 12668 12669 12670 12671 12672 12673 12674 12675 12676 12677 12678 12679 12680 12681 12682 12683 12684 12685 12686 12687 12688 12689 12690 12691 12692 12693 12694 12695 12696 12697 12698 12699 12700 12701 12702 12703 12704 12705
	}
	
	# Specific
	# Generic
	names = {
		name = "TRADE_COMPANY_BALTIC_SEA_Root_Culture_GetName"
	}
	names = {
		name = "TRADE_COMPANY_BALTIC_SEA_European_Trade_Company"
	}
}

trade_company_english_channel = {
	color = { 220 138 57 }
	
	provinces = {
167 168 1879 4385 87 88 89 1743 241 242 3212 4366 4369 245 4367 4368 239 240 244 4372 4375 243 1860 1861 4370 4376 233 234 4130 4373 4374 235 236 237 238 4371 92 95 98 99 2974 96 97 4383 100 1931 4381 4382 90 1744 1865 1742 10008 10009 10010 10011 10012 10013 10014 10015 10016 10017 10018 10019 10020 10021 10022 10023 10024 10025 10026 10027 11697 12268 12269 12270 12271 12272 12273 12274 12275 12276 12277 12278 12279 12280 12281 12282 12283 12284 12285 12286 
12287 12288 12298 12299 12300 12301 12302 12303 12304 12305 12306 12307 12308 12309 12429 12430 10654 10896 10897 
	}
	
	# Specific
	# Generic
	names = {
		name = "TRADE_COMPANY_ENGLISH_CHANNEL_Root_Culture_GetName"
	}
	names = {
		name = "TRADE_COMPANY_ENGLISH_CHANNEL_European_Trade_Company"
	}
}

trade_company_bordeaux = {
	color = { 36 132 247 }
	
	provinces = {
190 195 199 169 170 171 172 4384 194 198 4112 180 4111 4386 4387 173 209 210 174 175 176 177 178 2989 4389 10662 10663 10664 10666 10667 10668 10669 10670 10671 10672 10695 10696
	}
	
	# Specific
	# Generic
	names = {
		name = "TRADE_COMPANY_BORDEAUX_Root_Culture_GetName"
	}
	names = {
		name = "TRADE_COMPANY_BORDEAUX_European_Trade_Company"
	}
}

trade_company_sevilla = {
	color = { 57 160 101 }
	
	provinces = {
206 207 208 1746 215 216 231 232 1293 217 218 219 221 222 223 224 225 226 227 228 229 230 334 367 1745 1747 1748 1749 1751 1851 2754 2755 2751 4150 4546 4547 4548 4551 4552 4553 4554 4555 4556 4558 4561 4563 368 366 4565 4856 4857 10684 10685 10686 10687 10688 10689 10690 10691 10692 10693 10694 14265 14266 14267 14268 14269 14270
	}
	
	# Specific
	# Generic
	names = {
		name = "TRADE_COMPANY_SEVILLA_Root_Culture_GetName"
	}
	names = {
		name = "TRADE_COMPANY_SEVILLA_European_Trade_Company"
	}
}

trade_company_safi = {
	color = { 191 110 62 }
	
	provinces = {
335 336 337 338 2469 343 344 345 346 347 348 349 366 368 1127 2465 3025 3030 3031 1110 2470 342 2467 2468 2464 2460 2463 2462 2461 2459 3236 4562 4564 4565 4568 2466 4844 4845 4846 4847 4848 4849 4850 4851 4852 4853 4854 4855 8404 8405 8406 8407 8408 8409 8410 8411 8412 8413 8414 8415 8416 8417 8418 8419 8420 8421 8422 8423 8424 8425 8426 8362 8363 8364 8365 8366 8367 8368 8369 8370 8371 8372
	}
	
	# Specific
	# Generic
	names = {
		name = "TRADE_COMPANY_SAFI_Root_Culture_GetName"
	}
	names = {
		name = "TRADE_COMPANY_SAFI_African_Trade_Company"
	}
}

trade_company_valencia = {
	color = { 87 70 168 }
	
	provinces = {
196 197 200 211 212 213 214 220 333 1750 2753 2990 2988 2987 4391 4549 4550 4557 4559 4560 10673 10674 10675 10677 10678 11694
	}
	
	# Specific
	# Generic
	names = {
		name = "TRADE_COMPANY_VALENCIA_Root_Culture_GetName"
	}
	names = {
		name = "TRADE_COMPANY_VALENCIA_European_Trade_Company"
	}
}

trade_company_champagne = {
	color = { 193 26 14 }
	
	provinces = {
179 182 183 184 185 4388 181 186 4390 187 188 189 165 1867 1871 91 93 94 1866 2974 191 192 193 1877 4392 203 204 205 4161 4162 10655 10656 10657 10658 10659 10660 10661 10665 10676 10679 10680 10681 11325 11326 11327 11328 11329 
12391 12392 11695 11696 11698
	}
	
	# Specific
	# Generic
	names = {
		name = "TRADE_COMPANY_CHAMPAGNE_Root_Culture_GetName"
	}
	names = {
		name = "TRADE_COMPANY_CHAMPAGNE_European_Trade_Company"
	}
}

trade_company_genua = {
	color = { 218 215 56 }
	
	provinces = {
124 125 126 2982 115 116 117 2978 2980 123 1934 2984 101 102 2992 103 1875 2979 2981 127 1247 2986 201 202 2991 118 2976 121 2983 104 1862 10682 10683 12344 12345 12346 12360 12361 12362 12363 12364 12365 12366 12367 12368 12369 12370 12371 12372 12373 12374 
12375 12376 12377 12378 12379 12380 12381 12382 12383 12384 12385 12386 12387 12388 12389 12390
	}
	
	# Specific
	# Generic
	names = {
		name = "TRADE_COMPANY_GENUA_Root_Culture_GetName"
	}
	names = {
		name = "TRADE_COMPANY_GENUA_European_Trade_Company"
	}
}

trade_company_tunis = {
	color = { 146 134 57 }
	
	provinces = {
339 340 341 350 351 352 1882 126 353 354 355 356 1794 2448 357 2326 2458 2457 2456 2472 2455 2454 2473 2453 2452 2450 2449 2451 3072 3073 2474 2954 4566 4567
8373 8374 8375 8376 8377 8378 8379 8380 8381 8382 8383 8384 8385 8386 8387 8388 8389 8390 8391 8392 8393 8394 8395 8396 8397 8398 8399 8400 8401 8402 8403 8427 8428 8429 8430 8431 8432 8433 8434 8435 9093 9094 9095 9096 9097 9098 9099 9100 9101 9102 9103 9104 9105 9106 9107 9540 9541 9542 9543 9544 9545 9546 9547 9548 14263
	}
	
	# Specific
	# Generic
	names = {
		name = "TRADE_COMPANY_TUNIS_Root_Culture_GetName"
	}
	names = {
		name = "TRADE_COMPANY_TUNIS_African_Trade_Company"
	}
}

trade_company_rheinland = {
	color = { 114 171 184 }
	
	provinces = {
56 66 67 69 71 72 74 75 77 78 79 80 81 82 83 84 85 86 1760 1761 1869 1870 1876 1878 1880 2973 2975 166 1873 1762 2972 11330 11331 11332 11333 11334 11335 11336 11337 11338 11339 11340 11341 12431 12432 12433 12434 12435 12436 12437 12438 12439 12440 12441 12442 12443 12444 12445 12446 12447 12457 12458 12459 12460 12461 12462 12463 12464 12465 12466 12467 12468 12469 12470 12471 12472 12473 12474 12475 12476 12477 12482 12483 12484 12485 12486 12487 12488 12489 12490 12491 12492 12493 12494 12495 12496 12497 12498 12499 12500 12501
12519
	}
	
	# Specific
	# Generic
	names = {
		name = "TRADE_COMPANY_RHEINLAND_Root_Culture_GetName"
	}
	names = {
		name = "TRADE_COMPANY_RHEINLAND_European_Trade_Company"
	}
}

trade_company_saxony = {
	color = { 36 182 69 }
	
	provinces = {
49 50 57 62 63 1758 51 60 61 267 1759 1763 1771 52 58 59 2964 2965 2967 2971 2969 266 2968 2970 2993 10500 10501 10502 10503 12401 12402 12403 12404 12405 12406 12407 12408 12409 12410 12411 12412 12413 12414 12415 12416 12417 12418 12419 12420 12421 12448 12449 12450 12451 12452 12453 12454 12455 12456 12531 12532 
	}
	
	# Specific
	# Generic
	names = {
		name = "TRADE_COMPANY_SAXONY_Root_Culture_GetName"
	}
	names = {
		name = "TRADE_COMPANY_SAXONY_European_Trade_Company"
	}
}

trade_company_wien = {
	color = { 220 220 220 }
	
	provinces = {
64 2957 65 68 76 128 132 133 134 265 1757 1770 1863 2955 2956 1868 70 1872 73 110 1768 4237 4159 11263 11264 11265 11266 11267 11268 11269 11270 11271 11272 11273 11274 11275 11276 11277 11278 11279 11280 11281 11282 11283 11284 11285 11286 11287 11288 11289 11290 11291 11292 11293 11294 11295 11296 11297 11298 11299 11300 12335 12478 12479 12480 12481 10498 10499 12502 12503 12504 12505 12506 12507 12508 12509 12510 12511 12512 12513 12514 
12515 12516 12517 12518
	}
	
	# Specific
	# Generic
	names = {
		name = "TRADE_COMPANY_WIEN_Root_Culture_GetName"
	}
	names = {
		name = "TRADE_COMPANY_WIEN_European_Trade_Company"
	}
}

trade_company_venice = {
	color = { 54 167 156 }
	
	provinces = {
105 106 107 108 109 111 112 113 114 119 120 122 129 130 1769 1774 1933 2977 2985 10309 10310 10311 10312 10313 10314 10315 10316 10317 10318 12336 12337 12338 12339 12340 12341 12342 12343 12347 12348 12349 12350 12351 12352 12353 12354 12355 12356 12357 12358 12359
	}
	
	# Specific
	# Generic
	names = {
		name = "TRADE_COMPANY_VENICE_Root_Culture_GetName"
	}
	names = {
		name = "TRADE_COMPANY_VENICE_European_Trade_Company"
	}
}

trade_company_krakow = {
	color = { 108 111 86 }
	
	provinces = {
258 259 260 261 262 263 264 1940 256 257 1938 1939 254 255 2424 2959 2960 2961 2966 4238 2963 1859 4523 4524 4526 4528 4525 4527 4533 4538 4541 12533 12534 12535 12536 12537 12538 12539 12540 12541 12542 12543 12544 12545 12546 12547 12548 12549 12550 12551 12552 12553 12554 12555 12556 12557 12558 12559 12560 12561 12562 12563 12564 12565 12566 12567 12568 12569 12570 12571 12572 12573 12574 12575 12576 12577 12578 12579 12580 12581 12582 12583 12584 12585 12586 12587 12588 12589 12590 12591 12592 12597 12598 12599 12600 12601 12602 12603 12604 12605 12606 12607 12608 12609 12610 12611 12612 12613 12614 12615 12616 12617 12618 12619 12620 12621 12622 12623 12624 12625 12626 12627 12628 12629 12630 12631 12632 12633 12634 12635 12636 12637 12638 12639 12640 12641 12642 12643 12940 12941 12942 12943 12944 12945 12946 12947 12948 12949 12950 12951
	}
	
	# Specific
	# Generic
	names = {
		name = "TRADE_COMPANY_KRAKOW_Root_Culture_GetName"
	}
	names = {
		name = "TRADE_COMPANY_KRAKOW_European_Trade_Company"
	}
}

trade_company_pest = {
	color = { 172 95 81 }
	
	provinces = {
135 152 154 155 156 157 158 160 161 162 1767 1772 1864 1951 1952 1953 1954 1318 2998 3147 4125 4126 4127 4128 4173 4236 4240 4531 4532 153 10326 10327 10328 10329 10330 10331 10332 10358 10359 10360 10361 10362 10456 10457 10458 10459 10460 10461 10462 10463 10464 10465 10466 10467 10468 10469 10470 10471 10472 10473 10474 10475 10476 10477 10478 10479 10480 10481 10482 10483 10484 10485 10486 10487 10488 10489 10490 10491 10492 10493 10494 10495 10496 10497 12935 12936 12937 12938 12939
	}
	
	# Specific
	# Generic
	names = {
		name = "TRADE_COMPANY_PEST_Root_Culture_GetName"
	}
	names = {
		name = "TRADE_COMPANY_PEST_European_Trade_Company"
	}
}

trade_company_ragusa = {
	color = { 85 89 67 }
	
	provinces = {
137 138 139 140 141 142 143 144 147 1766 1827 1831 1853 3000 3002 3001 4174 4175 4176 131 148 1828 136 1826 4239 145 146 163 1773 3003 10319 10320 10321 10322 10323 10324 10325 10333 10334 10335 10336 10337 10338 10339 10340 10341 10342 10343 10344 10345 10346 10347 10348 10349 10350 10351 10352 10353 10354 10355 10356 10357 10363 10364 10365 10366 10367 10368 10369 10370 10371 10372 10373 10374 10375 10376 10377 10378 10379 10380 10381 10382 10383 10384 10385 10386 10387 10388 10389 10390 10391 10392 10393 10394 10395 10396 10397 10398 10399 10400 10401 10402 10403 10404 10405 10406 10407 10408 10409 10410 10411 10412 10413 10414 10415 10416 10417 10418 10419 10420 10421 10422 10423 10424 10425 10426 10427 10428 10429 10430 
	}
	
	# Specific
	# Generic
	names = {
		name = "TRADE_COMPANY_RAGUSA_Root_Culture_GetName"
	}
	names = {
		name = "TRADE_COMPANY_RAGUSA_European_Trade_Company"
	}
}

trade_company_constantinople = {
	color = { 126 203 120 }
	
	provinces = {
149 151 1764 325 328 2299 2304 150 159 1765 2746 2750 329 1846 2300 4314 4315 316 317 2296 322 1848 4308 4311 318 319 2297 2298 4309 326 4312 4313 164 320 1319 2348 9217 9218 9219 9220 9221 9222 9223 9224 9225 9226 9227 9228 9229 9230 9231 9232 9233 9238 
10434 10435 10436 10437 10438 10439 10440 10441 10442 10443 10444 10445 10446 10447 10448 10449 10450 10451 10452 10453 10454 
10455
	}
	
	# Specific
	# Generic
	names = {
		name = "TRADE_COMPANY_CONSTANTINOPLE_Root_Culture_GetName"
	}
	names = {
		name = "TRADE_COMPANY_CONSTANTINOPLE_European_Trade_Company"
	}
}

trade_company_alexandria = {
	color = { 200 200 102 }
	
	provinces = {
383 384 385 163 321 2325 358 359 360 361 362 363 364 365 379 380 1231 1233 1234 1795 1854 2321 2318 2324 2319 2317 2320 2316 2315 2327 2328 2329 2330 2332 2331 3263 4268 4269 4277 4278 4316 4317 4318 4319 4320 4323 4321 9812 9813 9814 9815 9816 9817 9818 9819 9820 9821 9822 9823 10431 10432 10433 10504 10505 10506 10507 10508 10780 10781 10782 10783 10784 10785 10786 10787 10788 10789 10790 10791 10830 10831 10832 10833 10834 10835 10836 10837 10838 10839 10840 10841 10842 10843 10844 10845 14264
	}
	
	# Specific
	# Generic
	names = {
		name = "TRADE_COMPANY_ALEXANDRIA_Root_Culture_GetName"
	}
	names = {
		name = "TRADE_COMPANY_ALEXANDRIA_African_Trade_Company"
	}
}

trade_company_gulf_of_aden = {
	color = { 96 75 65 }
	
	provinces = {
386 387 388 2343 390 391 401 402 1099 2346 2345 2344 389 2342 2341 4279 4280 4281 4282 4283 4284 10846 10847 10848 10849 10850 10851 10852 10853 10854 10855 11416 11417 11418 11419 11420 11421 11422 11423 11424 11425
	}
	
	# Specific
	# Generic
	names = {
		name = "TRADE_COMPANY_GULF_OF_ADEN_Root_Culture_GetName"
	}
	names = {
		name = "TRADE_COMPANY_GULF_OF_ADEN_African_Trade_Company"
	}
}

trade_company_kiev = {
	color = { 41 28 31 }
	
	provinces = {
272 275 279 281 770 1937 1943 2962 277 278 1941 291 298 299 293 297 4244 4245 296 300 4116 280 1942 1944 4247 289 290 1945 2407 292 771 4246 276 4115 4242 4537 4536 4535 4545 4544 4540 4539 4542 4543 269 5050 5051 5052 5053 5054 5055 5056 5057 5058 5059 5060 5061 5062 5063 5064 5077 5078 5079 5080 5081 5082 5083 5084 5085 5086 5087 5088 5089 5090 5091 5092 5093 5094 5095 5096 5097 5098 5099 5100 5101 5102 5103 5104 5105 5106 5107 5108 5109 5110 5111 5112 5113 5114 5115 5116 5117 5118 5119 5120 5121 5122 5123 5136 5137 5138 5139 5140 5141 5142
5160 5161 5162 5163 5164 5165 5166 5167 5168 5169 5170 5171 5172 5173 5174 5175 5176 5177 5178 5179 5180 5181 5182 5183 5184 5185 5186 5187 5188 5189 5190 5191 5192 12652 12653 12654 12655 12656 12657 12658 12659 12660 12661 12662 12663 12879 12880 12881 12882 12883 12884 12885 12886 12887 12888 12889 12890 12891 12892 12893 12894 12895 12896 12897 12898 12899 12900 12901 12902 12903 12904 12905 12906 12907 12908 12909 12910 12911 12912 12913 12914 12915 12916 12917 12918 12919 12920 12921 12922 12923 12924 12925 12926 12927 12928 12929 12930 12931 12932 12933 12934 12952 12953 12954 12955 12956 12957 12958 12959 12960 12961 12962 12963 12964 12965 12966 12967 12968 12969 12970 12971 12972 12973 12974 12975 12976 12977 12978 12979 12980 12981 12982 12983 12984 13028 13029 13030 13031 13032 13033
	}
	
	# Specific
	# Generic
	names = {
		name = "TRADE_COMPANY_KIEV_Root_Culture_GetName"
	}
	names = {
		name = "TRADE_COMPANY_KIEV_European_Trade_Company"
	}
}

trade_company_novgorod = {
	color = { 97 126 37 }
	
	provinces = {
30 33 34 1961 274 1960 4148 310 311 1959 2749 4260 294 1752 4243 4248 4249 301 1778 4255 295 4251 4252 307 4147 4253 308 1753 4117 4250 1754 1956 4254 312 4259 4261 4880 4881 4882 4883 4884 4885 4886 4887 4888 4889 4890 4891 4902 4903 4930 4931 4932 4933 4934 4935 4936 4937 4938 4939 4940 4941 4942 4943 4944 4945 4946 4947 4948 4949 4950 4951 4952 4953 4954 4955 4956 4957 4958 4959 4960 4961 4962 4963 4964 4965 4966 4967 4980 4981 4982 4983 4984 4985 4986 4987 4988 4989 4990 4991 4992 4993 4994 4995 4996 4997 4998 4999 5000 5001 5002 5003 5004 5005 5006 5007 5008 5009 5010 5011 5012 5013 5014 5015 5016 5017 5018 5019 5020 5021 5022 5023 5024 5025 5026 5027 5028 5029 5030 5031 5032 5033 5034 5035 5036 5037 5038 5039 5040 5041 5042 5043 5044 5045 5046 5047 5048 5049 5065 5066 5067 5068 5069 5070 5071 5072 5073 5074 5075 5076 
	}
	
	# Specific
	# Generic
	names = {
		name = "TRADE_COMPANY_NOVGOROD_Root_Culture_GetName"
	}
	names = {
		name = "TRADE_COMPANY_NOVGOROD_European_Trade_Company"
	}
}

trade_company_crimea = {
	color = { 59 158 125 }
	
	provinces = {
462 1856 463 2201 2195 2197 282 1974 2406 286 287 2413 2414 284 285 2410 2447 283 2411 2412 330 331 2305 422 268 1756 2405 423 2203 4301 2196 2204 4303 3061 4302 4529 4530 5324 5325 5326 5327 5328 5329 5330 5334 5335 5336 5337 5338 5339 5340 5341 5342 5343 5344 5345 5346 5347 5348 5349 5350 5351 5352 5353 5354 5355 5356 5357 5373 5374 5375 5376 5377 5378 5379 5380 5381 5382 5383 5384 5385 5386 5387 5388 5389
5390 5391 5392 5393 5394 5395 5396 5397 5398 5399 5400 9239 9240 9243 9244 9245 9702 9703 9704 9705 9706 10509 10510 10511 10512 10513 10514 10515 10516 10517 10518 10519 10520 10521 10522 10523 10524 10525 10526 10527 10528 10529 10530 10531 10532 10533 10534 10535 10536 10537 10538 10539 12985 12986 12987 12988 12989 12990 12991 12992 12993 12994 12995 12996 12997 12998 12999 13000 13001 13002 13003 13004 13005 13006 13007 13008 13009 13010 13011 13012 13013 13014 13015 13016 13017 13018 13019 13020 13021 13022 13023 13024 
	}
	
	# Specific
	# Generic
	names = {
		name = "TRADE_COMPANY_CRIMEA_Root_Culture_GetName"
	}
	names = {
		name = "TRADE_COMPANY_CRIMEA_European_Trade_Company"
	}
}

trade_company_aleppo = {
	color = { 202 150 172 }
	
	provinces = {
323 324 327 332 377 378 381 382 2334 407 411 418 1849 1855 2308 2306 2307 2309 2301 2302 2313 2303 3070 405 2314 4270 4271 4292 4295 4296 4297 4298 4307 4310 10792 9234 9235 9236 9237 9241 9242 9246 9247 9248 9249 10032 10033 10034 10035 10036 10037 10775 10776 10777 10778 10779 10856 10857 10858
	}
	
	# Specific
	# Generic
	names = {
		name = "TRADE_COMPANY_ALEPPO_Root_Culture_GetName"
	}
	names = {
		name = "TRADE_COMPANY_ALEPPO_Near_East_Trade_Company"
	}
}

trade_company_kazan = {
	color = { 202 150 172 }
	
	provinces = {
305 306 473 475 1077 1079 1081 1082 1083 1754 1778 1957 1962 1965 1972 2423 2422 2421 2420 2444 2441 4254 4264 4265 4266 4267 4266 4968 4969 4970 4971 4972 4973 4974 4975 4976 4977 5193 5194 5195 5196 5197 5198 5199 5200 5201 5202 5203 5204 5205 5206 5207 5208 5209 5210 5211 5212 5213 5214 5215 5216 5217 5218 5219 5220 5221 5222 5223 5224 5226 5227 5228 5229 5230 5231 5232 5233 5234 5235 5236 5237 5225 5424 5425 5426 5427 5428 5429 5430 5431 5432 5433 5434 5435 5436 5437 5438 5439 5440 5441 5442 5443 5444 5445 5446 5447 5448 5449 5450 5451 5452 5453 5454 5455 5456 5457 5458 5459 5460 5461 5462 5463 5464 5465 5466 5467 5468 5469 5470 5471 5472 5473 5474 5475 5476 5477 5478 5479 5480 5481 5482 5483 5484 5485 5486 5487 5488 5489 5490 5491 5492 5493 5494 5495 5496 5497 5498 5499 5500 5501 5502 5503 5504 5505 5506 5507 5508 5509 5510 5511 5512 5513 5514 5515 5516 5517 5518 5519 5520 5521 5522 5523 5524 5525 5526 5527 5528 5534 5535 5536 5537 5538 5539 5540 5541 5542 5543 5544 5545 5546 5547 5548 5549 5550 5551 5552 5553 5554 5555 5556 5557 5558 5559 5560 5561 5562 5563 5564 5565 5566 5567 5568 5569 5570 5571 5572 5573 5574 5575 5576 5577 5578 5579 5580 5581 5594
	}
	
	# Specific
	# Generic
	names = {
		name = "TRADE_COMPANY_KAZAN_Root_Culture_GetName"
	}
	names = {
		name = "TRADE_COMPANY_KAZAN_Europe_Trade_Company"
	}
}

trade_company_astrakhan = {
	color = { 202 120 152 }
	
	provinces = {
288 299 302 303 304 425 464 465 466 467 468 469 470 471 472 474 1971 2208 2199 2198 2365 2367 2366 2409 2408 2416 2417 2415 2418 2419 4306 5143 5144 5145 5146 5147 5148 5149 5150 5151 5152 5153 5154 5155 5156 5157 5158 5159 5238 5239
5240 5241 5242 5243 5244 5245 5246 5247 5248 5249 5250 5251 5252 5253 5254 5255 5256 5257 5258 5259  5273 5274 5275 5276 5277 5278 5279 5280 5281 5282 5283 5284 5285 5313 5314 5315 5316 5317 5318 5319 5320 5321 5322 5323 5260 5261 5262 5263 5264 5265 5266 5267 5268 5269 5270 5271 5272 5286 5287 5288 5289 5290 5291 5292 5293 5294 5295 5296 5297 5298 5299 5300 5301 5302 5303 5304 5305 5306 5307 5308 5309 5310 5311 5312 5331 5332 5333 5358 5359 5360 5361 5362 5363 5364 5365 5366 5367 5368 5369 5370 5371 5372 5401 5402 5403 5404 5405 5406 5407 5408 5409 5410 5411 5412 5413 5414 5415 5416 5417 5418 5419 5420 5421 5422 5423 8458 8459 8460 8461 8462 8463 8464 8465 8466 8467 8469 8471 8472 8473 8474 8475 13025 13026 13027
	}
	
	# Specific
	# Generic
	names = {
		name = "TRADE_COMPANY_ASTRAKHAN_Root_Culture_GetName"
	}
	names = {
		name = "TRADE_COMPANY_ASTRAKHAN_Europe_Trade_Company"
	}
}

trade_company_basra = {
	color = { 152 151 146 }
	
	provinces = {
392 393 2347 395 396 4272 408 409 410 412 413 414 1779 2340 406 2310 394 2311 2312 2209 2210 2217 2337 2336 2335 2339 2338 3211 4273 4274 4275 4288 4289 4290 4291 4342 4276 10793 10794 10795 10796 10859 10860 10861 10862 10863 10864 10865 10866 10867 10868 10869 10870 10871 10872 10873 10874 10875 10876 10877 10878 10879 10880 10881 10882 10883 10884 10885 10886 10887 10888 10889 10890 10891 10892 10893 10894 10895 11122 11123 11124 11125 11126 11127 11128 11129 11130 11131 11132 11133 11134 11135 11136 11137 11138 11139 11140 11141 11142 11143 11144 11145 11146 11147 11148 11149 11150 11151 11152 11153 11154 11155 11156 11157 11158 11159 11160 11161 11162 11163 11164 11165 11166 11167 11168 11169 11170 11171 11307 11308 11309 11310 11311 11312 14399
	}
	
	# Specific
	# Generic
	names = {
		name = "TRADE_COMPANY_BASRA_Root_Culture_GetName"
	}
	names = {
		name = "TRADE_COMPANY_BASRA_Near_East_Trade_Company"
	}
}

trade_company_persia = {
	color = { 204 119 31 }
	
	provinces = {
415 416 417 419 420 421 424 426 2214 428 429 433 2221 437 438 439 443 446 2206 2205 2211 2207 2202 2212 2215 2213 2216 2222 2349 2236 427 2235 436 4171 4293 4294 4299 4300 4304 4305 4324 4325 4326 4334 4336 4338 4339 4340 3243 4335 4337 4341 4170 4172 4177 10028 10029 10030 10031 9824 9825 9826 9827 9828 9829 9830 9831 9832 9833 11011 11012 11013 11014 11015 11016 11017 11018 11019 11020 11021 11022 11023 11024 11025 11026 11027 11028 11029 11030 
                11031 11032 11033 11034 11035 11036 11037 11038 11039 11040 11041 11042 11043 11044 11045 11046 11047 11048 11049 11050 11051 11052 11053 11054 11055 11056 11057 11058 11059 11060 11061 11062 11063 11064 11065 11066 11067 11068 11069 11070 11071 11072 11073 11074 11075 11076 11077 11078 11079 11080 11081 11082 
11083 11084 11085 11086 11087 11088 11089 11090 11091 11092 11093 11094 11095 11096 11097 11098 11099 11100 11101 11102 11103 11104 11105 11106 11107 11108 11109 11110 11111 11112 11113 11114 11115 11116 11117 11118 11119 11120 11121
	}
	
	# Specific
	# Generic
	names = {
		name = "TRADE_COMPANY_BASRA_Root_Culture_GetName"
	}
	names = {
		name = "TRADE_COMPANY_BASRA_Near_East_Trade_Company"
	}
}

trade_company_hormuz = {
	color = { 177 108 98 }
	
	provinces = {
397 398 399 400 403 404 2223 431 432 2233 435 575 2231 2218 430 2219 2234 2220 434 2232 2230 2229 2224 2333 2999 4285 4286 4287 4327 4328 4329 4330 4331 4332 4345 11172 11173 11174 11175 11176 11177 11178 11179 11180 11181 11182 11183 11184 11185 11186 11187 11188 11189 11190 11191 11192 11193 11194 11195 11196 11197 11198 11199 11200 11201 11202 11203 11204 11205 11206 11207 11208 11209 11210 11211 11212 11213 11214 11215 11216 11217 11218 11219 11220 11221 11222 11223 11301 11302 11303 11304 11305 11306 11413 11414 11415 11558 11559 11560
	}
	
	# Specific
	# Generic
	names = {
		name = "TRADE_COMPANY_HORMUZ_Root_Culture_GetName"
	}
	names = {
		name = "TRADE_COMPANY_HORMUZ_Near_East_Trade_Company"
	}
}

trade_company_siberia = {
	color = { 147 96 77 }
	
	provinces = {
479 480 1045 1054 1059 1060 1061 1062 1063 1064 1067 1068 1069 1070 1071 1073 1074 1075 1076 1078 1080 1781 1782 1966 2426 2354 2357 2369 2427 2428 2429 2433 2434 2445 2430 2431 2432 2443 2442 2435 2436 2437 5529 5530 5531 5532 5533 5582 5583 5584 5585 5586 5587 5588 5589 5590 5591 5592 5593 5595 5596 5597 5598 5599 5600 5601 5602 5603 5604 5605 5606 5607 5608 5609 5610 5611 5612 5613 5614 5615 5616 5617 5618 5619 5620 5621 5622 5623 5624 5625 5626 5627 5628 5629 5630 5631 5632 5633 5634 5635 5636 5637 5638 5639 5640 5641 5642 5643 5644 5645 5646 5647 5648 5649 5651 5652 5653 5654 5655 5656 5657 5658 5659 5660 5661 5662 5663 5664 5665 5666 5667 5668 5669 5670 5671 5672 5673 5674 5675 5676 5677 5678 5679 5680 5681 5682 5683 5684 5685 5686 5687 5688 5689 5690 5691 5692 5693 5694 5695 5696 5697 5698 5699 5700 5701 5702 5703 5704 5705 5706 5707 5708 5709 5710 5711 5712 5713 5714 5715 5716 5717 5718 5719 5720 5721 5722 5723 5724 5725 5726 5727 5728 5729 5730 5731 5732 5733 5734 5735 5736 5737 5738 5739 5740 5741 5742 5743 5744 5745 5746 5747 5748 5749 5750 5751 5752 5753 5754 5755 5756 5757 5758 5759 5760 5761 5762 5763 5764 5765 5766 5767 5768 5769 5770 5771 5772 5773 5774 5775 5776 5777 5778 5779 5780 5781 5782 5783 5784 5785 5786 5787 5788 5789 5790 5791 5792 5793 5794 5795 5796 5797 5798 5799 5800 5801 5802 5803 5804 5805 5806 5807 5808 5809 5810 5811 5812 5813 5814 5815 5816 5926 5927 5928 5929 5930 5931 5932 5933 5934 5935 5936 5937 5938 5939 5940 5941 5942 5945 8504 8505 8506 8507 8508 8509 8510 8511 8512 8513 8514 8515 8516 8517 8518 8519 8520 8521 8522 8523 8524 8525 8526 8527 8528 8529 8530 8531 8532 8533 8534 8535
	}
	
	# Specific
	# Generic
	names = {
		name = "TRADE_COMPANY_SIBERIA_Root_Culture_GetName"
	}
	names = {
		name = "TRADE_COMPANY_SIBERIA_Asia_Trade_Company"
	}
}

trade_company_samarkand = {
	color = { 141 120 67 }
	
	provinces = {
440 441 442 444 445 446 2127 453 454 455 456 457 458 2126 460 461 476 477 478 739 2355 4210 1967 1968 1969 1970 1973 2350 2370 2362 2363 2356 2364 2125 2351 2353 2352 2358 2361 459 2368 2360 2359 2124 4209 4344 8468 8470 8476 8477 8478 8479 8480 8481 8482 8483 8484 8485 8486 8487 8488 8489 8490 8491 8492 8493 8494 8495 8496 8497 8498 8499 8500 8501 8502 8503 8536 8537 8538 8539 8540 8541 8542 8543 8544 8545 8546 8547 8548 8549 8550 8551 8552 8553 8554 2118 11426 11427 11428 11429 11430 11431 11432 11433 11434 11435 11436 11437 11438 11439 11440 11441 11442 11443 11444 11445 11446 11447 11448 11449 11450 11451 11452 11453 11454 11455 11456 11457 11458 11459 11460 11461 11462 11463 11464 11465 11466 11467 11468 11469 11470 11471 11472 11473 11474 11475 11476 11477 11478 11479 11480 11481 11482 11483 11484 11485 11486 11487 11488 11489 11490 11491 11492 11493 11494 11495 11496 11497 11498 11499 11500 11501 11502 11503 11504 11505 11506 11507 11508 11509 11510 11511 11512 11513 11514 11515 11516 11517 11518 11519 11520 11521 11522 11523 11524 11525 11526 11527 11528 11529 11530 11531 11532 11533 11534 11535 11536 11537
	}
	
	# Specific
	# Generic
	names = {
		name = "TRADE_COMPANY_SAMARKAND_Root_Culture_GetName"
	}
	names = {
		name = "TRADE_COMPANY_SAMARKAND_Asia_Trade_Company"
	}
}

trade_company_girin = {
	color = { 41 82 45 }
	
	provinces = {
724 2109 728 731 729 730 2107 1033 1034 1035 1036 1037 1038 1039 1040 1041 1042 1043 1044 1046 1047 1049 1050 1051 1052 1053 1055 1056 1057 1058 2106 2110 2111 2108 725 2187 2188 2185 727 2104 1048 2105 2186 1850 2446 2102 2438 2439 2440 4200 4201 4202 4214 4215 4216 4217 4218 2103 5817 5818 5819 5820 5821 5822 5823 5824 5825 5826 5827 5828 5829 5830 5831 5832 5833 5834 5835 5836 5837 5838 5839 5840 5841 5842 5843 5844 5845 5846 5847 5848 5849 5850 5851 5852 5853 5854 5855 5856 5857 5858 5859 5860 5861 5862 5863 5864 5865 5866 5867 5868 5869 5870 5871 5872 5873 5874 5875 5876 5877 5878 5879 5880 5881 5882 5883 5884 5885 5886 5887
5888 5889 5890 5891 5892 5893 5894 5895 5896 5897 5898 5899 5900 5901 5902 5903 5904 5905 5906 5907 5908 5909 5910 5911 5912 5913 5914 5915 5916 5917 5918 5919 5920 5921 5922 5923 5943 5944 5946 5947 5948 5949 5950 5951 5952 5953 5954 5955 5956 5957 5958 5959 5960 5961 5962 5963 5964 5965 5966 11699 11700 11701 11702 11703 11704 11705 11706 11707 11717 11718 11719 11720 11721 11722 11891 
	}
	
	# Specific
	# Generic
	names = {
		name = "TRADE_COMPANY_GIRIN_Root_Culture_GetName"
	}
	names = {
		name = "TRADE_COMPANY_GIRIN_Asia_Trade_Company"
	}
}

trade_company_nippon = {
	color = { 98 133 112 }
	
	provinces = {
732 733 2694 735 2745 737 1013 1845 4227 734 734 2744 2743 2742 2741 1376 1012 1014 1017 1018 1019 1020 1021 1023 1024 1025 1026 1027 1028 1029 1030 1031 1032 1818 1819 1820 1825 1830 1832 1835 1837 1839 1843 1847 1852 2741 4131 4180 4181 4182 4183 4184 4185 4186 4187 4188 4189 4190 4191 4192 4193 736 4228 4229 4230 4231 4232 4359 4360 
5924 5925 11905 11906 11907 11908 11909 11992 11993 11994 11995 11996 11997 11998 11999 12000 12001 12002 12003 12004 12005 12006 12007 12008 12009 12010 12011 12012 12013 12014 12015 14394
	}
	
	# Specific
	# Generic
	names = {
		name = "TRADE_COMPANY_NIPPON_Root_Culture_GetName"
	}
	names = {
		name = "TRADE_COMPANY_NIPPON_Asia_Trade_Company"
	}
}

trade_company_yumen = {
	color = { 115 93 58 }
	
	provinces = {
707 708 710 711 712 713 2120 715 716 717 718 719 720 721 723 1065 1784 1786 2118 2184 2182 2121 2192 2123 2122 2191 714 2119 2117 2193 2190 2189 2116 1066 4206 4207 4208 4219 4220 4221 4222 11611 11612 11613 11614 11615 11616 11617 11618 11619 11858 11859 11887 11888 11889 11890
	}
	
	# Specific
	# Generic
	names = {
		name = "TRADE_COMPANY_YUMEN_Root_Culture_GetName"
	}
	names = {
		name = "TRADE_COMPANY_YUMEN_Asia_Trade_Company"
	}
}

trade_company_xian = {
	color = { 159 112 119 }
	
	provinces = {
688 689 2177 694 697 698 699 700 701 2747 709 2183 1836 692 2178 693 2179 2181 2180 702 2114 4198 4223 11727 11785 11786 11787 11788 11789 11790 11791 11792 11793 11794 11795 11796 11797 11798 11799 11800 11801 11802 11803 11804 11805 11806 11843 11844 11845 11846 11847 11848 11849 11850 11851 11852 11853 11854 11855 11856 11857
	}
	
	# Specific
	# Generic
	names = {
		name = "TRADE_COMPANY_XIAN_Root_Culture_GetName"
	}
	names = {
		name = "TRADE_COMPANY_XIAN_Asia_Trade_Company"
	}
}

trade_company_chengdu = {
	color = { 196 157 34 }
	
	provinces = {
660 661 2168 2748 2131 2135 679 680 2132 678 2133 2170 2167 2166 2165 675 2169 4211 4212 4213 4402 4403 11868 11869 11870 11871 11872 11873 11874 11875 11876 11877 11878 11879 11880 11881 11882 11883 
	}
	
	# Specific
	# Generic
	names = {
		name = "TRADE_COMPANY_CHENGDU_Root_Culture_GetName"
	}
	names = {
		name = "TRADE_COMPANY_CHENGDU_Asia_Trade_Company"
	}
}

trade_company_lhasa = {
	color = { 106 112 138 }
	
	provinces = {
554 557 565 1787 2129 705 2134 2070 2071 2128 2194 676 677 2130 706 4522 4204 4205 4401 4481 4482 4483 4485 4491 4514 4515 4516 4517 4518 4519 4520 4492 11860 11861 11862 12216 12861 12862 12863 12864 12865 12866 12867 12868
	}
	
	# Specific
	# Generic
	names = {
		name = "TRADE_COMPANY_LHASA_Root_Culture_GetName"
	}
	names = {
		name = "TRADE_COMPANY_LHASA_Asia_Trade_Company"
	}
}

trade_company_lahore = {
	color = { 63 150 30 }
	
	provinces = {
447 448 449 450 451 506 507 2073 510 576 577 578 508 2200 2228 2225 2227 1785 452 2226 2074 2077 2076 2078 2079 2086 2068 2075 2065 4343 4411 4449 4463 4508 4509 4510 4511 4513 4521 11538 11539 11540 11541 11542 11543 11544 11545 11546 11547 11548 11549 11550 11551 11552 11553 11554 11555 
11556 11557 11561 11562 11563 11564 11565 11566 11567 11568 11569 11570 11578 11579 11580 11581 11582 11583 11584 11585 11586 11587 11588 11589 11590 11591 11592 11593 11594 11595 11596 11597 11598 11599 11600 11601 11602 11603 11604 11605 11606 11607 11608 11609 11610 12019 12020 12021 12022 12023 12024 12025 12026 12027 12039 12040 12041 12042 12043 12044 12045 12046 12047 12048 12049 12050
	}
	
	# Specific
	# Generic
	names = {
		name = "TRADE_COMPANY_LAHORE_Root_Culture_GetName"
	}
	names = {
		name = "TRADE_COMPANY_LAHORE_Asia_Trade_Company"
	}
}
