california = { 
	location = 871
	color = { 
		24 102 132 
	}
	outgoing = { 
		name = "mexico"
		path = { 
			1556 1555 1554 1552 1551 
		}
		control = { 
			731.000000 1556.000000 877.000000 1384.000000 996.000000 1286.000000 
		}
	}
	outgoing = { 
		name = "mississippi_river"
		path = { 
			872 873 3009 3010 268 4815 903 902 900 895
			3005 893 1507 
		}
		control = { 
			680.000000 1677.000000 692.000000 1769.000000 742.000000 1764.000000 800.000000 1772.000000 825.000000 1715.000000
			939.000000 1717.000000 1111.000000 1700.000000 1149.000000 1643.000000 1230.000000 1615.000000 1208.000000 1555.000000
			1208.000000 1526.000000 1202.000000 1498.000000 
		}
	}
	outgoing = { 
		name = "girin"
		path = { 
			1557 1684 1686 1685 1683 1668 1669 1440 1387 1980
			2106 2731 2733 730 
		}
		control = { 
			348.000000 1612.000000 5094.000000 1715.000000 4950.000000 1730.000000 4924.000000 1746.000000 4846.000000 1761.000000
			4731.000000 1699.000000 4661.000000 1719.000000 
		}
	}
	outgoing = { 
		name = "polynesia_node"
		path = { 
			1556 1687 1693 1699 
		}
		control = { 
			616.000000 1596.000000 179.000000 1469.000000 61.000000 1439.000000 5614.000000 1423.000000 
		}
	}
	members = { 
		979 3036 3037 3038 3041 2620 3105 3106 3107 2019
		7435 7575 7562 7551 7548 7549 7560 7563 2489 7547
		7555 7556 7557 7550 7559 7558 7552 4636 7546 7683
		7695 7697 7545 7678 7690 4637 7693 1808 14313 7679
		7688 7682 7680 7666 7675 7681 7677 7694 7554 7674
		7686 7689 7696 7701 7553 870 7687 7691 7685 7676
		2479 7673 4638 7672 7669 7671 7684 871 2480 7664
		7668 7667 7655 2481 7654 7656 7663 7653 7665 2483
		7589 7590 7661 872 7652 7651 7645 7647 7657 7642
		7643 7640 2482 7646 7658 7644 7617 7639 7650 7635
		7634 2485 7606 7637 7636 7609 7607 7649 7638 7608
		7648 873 2486 7641 2488 7627 7622 7628 7632 2487
		7629 7595 7596 7630 7660 7659 7631 7593 7662 7565
		7591 7573 7572 7571 7574 7569 2020 7570 7566 7576
		7582 7516 7524 1922 7577 7583 7581 7578 7579 7521
		7517 7520 7525 7529 2490 7518 7522 7530 7536 7519
		7539 7532 7531 7527 7526 7534 7537 7541 7533 7542
		7543 7540 7538 7535 7528 7523 7458 7584 7580 7585
		7587 7437 7436 7588 7433 7431 7429 7428 14312 7426
		7434 7594 7597 7430 1913 7427 7598 7626 7624 7618
		7619 7620 7621 4659 7625 7599 7623 7432 2006 7616
		7592 7561 7567 7586 7568 7564 7544 7699 2478 7702
		7704 868 4635 867 7705 2476 7706 8603 7698 14314
		7700 2021 7670 2477 7633 7604 7603 7601 7600 2484
		7602 7605 874 7611 7613 7615 7692 869 7703 4639
		4577 8611 2616 8622 8621 8620 8618 8612 8616 8610
		877 7708 2493 2491 7707 876 7709 865 8606 8607
		866 8608 7713 8625 8627 8623 862 8643 4649 8646
		7712 4634 875 7711 8619 4650 7710 4633 8617 8615
		8613 8605 8604 8614 
	}
}
rio_grande = { 
	location = 2667
	color = { 
		11 118 91 
	}
	outgoing = { 
		name = "mississippi_river"
		path = { 
			1508 1507 
		}
		control = { 
			1100.000000 1425.000000 1166.000000 1421.000000 
		}
	}
	outgoing = { 
		name = "mexico"
		path = { 
			1508 1509 2646 2629 
		}
		control = { 
			1037.000000 1397.000000 1087.000000 1343.000000 1080.000000 1298.000000 1062.000000 1286.000000 
		}
	}
	members = { 
		879 3039 3040 883 7888 7889 7890 7893 7891 7894
		2668 8782 8783 7896 7895 7897 7900 7898 884 7902
		7899 7906 7908 7905 7901 7876 4627 7881 7880 7882
		7885 7883 7871 7879 7829 2499 7887 7892 7886 7828
		7830 2666 2667 7827 7825 7826 7818 7823 7821 7817
		7824 7822 4629 7820 7867 7868 7877 7878 7869 7840
		7839 7808 2497 7807 7735 7809 7734 7812 7813 7814
		7819 7815 7810 7806 7834 7811 7838 7837 7836 7833
		7835 7832 7831 7798 7795 7801 7803 7757 7752 7747
		7740 7792 7797 7799 7804 2500 7800 7794 885 7802
		7805 7796 7791 7731 7732 7793 7730 7729 7733 4630
		7728 7727 7719 2495 2496 7725 7726 4631 4632 7724
		880 7714 7785 7786 7788 7789 7790 7737 7738 7736
		7787 7739 8785 8787 8790 8796 8784 8772 8786 8789
		858 8781 8780 8768 8773 8775 8774 8778 8788 8791
		8767 8760 8769 8738 8771 8779 8759 8757 2619 8776
		8758 8770 8763 2614 8766 8762 8737 8764 8761 8765
		8755 8750 8746 861 8743 8745 8749 8751 8756 8744
		8742 8747 8752 8754 8753 8748 2498 4606 7816 4628
		882 881 7723 7722 2492 7717 7715 7718 878 2494
		7720 8739 8721 8720 8713 8740 8735 8736 8734 8741
		8722 8730 863 8726 8729 8728 8727 8718 8717 8719
		864 8710 8711 8712 8709 8705 8733 8708 8715 8707
		8716 8699 8714 8723 8639 8640 8638 8631 8632 8634
		8633 8635 8644 8642 8624 8628 8630 8629 8626 8725
		4644 8724 7721 8637 8636 7512 7507 7511 7510 7513
		7515 7485 7486 7084 7484 7514 7480 7481 7482 7505
		7506 7508 7503 7479 7509 7483 7083 8793 8794 8792
		8795 8802 7884 8805 8833 8834 8777 8804 8731 8732
		8679 8678 8674 8704 8703 2618 8702 8701 8706 8697
		4646 8700 8672 8671 8673 8698 8696 8695 8641 8647
		8694 8693 7491 7492 7495 7496 7501 7499 7494 7490
		2608 7502 7489 7498 7474 7471 7467 7487 7473 7472
		7488 7493 7475 2625 7476 7478 7477 7140 7497 7504
		7500 7468 7469 7470 7142 7141 
	}
}
mississippi_river = { 
	location = 1507
	color = { 
		215 57 132 
	}
	outgoing = { 
		name = "carribean_trade"
		path = { 
			1506 1505 1525 1516 
		}
		control = { 
			1300.000000 1433.000000 1343.000000 1388.000000 1414.000000 1369.000000 1479.000000 1333.000000 
		}
	}
	outgoing = { 
		name = "ohio"
		path = { 
			921 2327 939 
		}
		control = { 
			1208.000000 1502.000000 1217.000000 1524.000000 1218.000000 1555.000000 
		}
	}
	members = { 
		2528 6904 920 6918 6907 921 6933 6931 2529 6910
		6917 6911 6936 6939 6924 6923 6808 6806 6920 6928
		6934 1920 6937 6940 6927 6938 6941 893 6925 2530
		922 6809 6921 6919 6922 6807 6804 6912 6926 6916
		6908 6915 2532 6795 6793 6794 6792 6899 6914 6790
		6791 919 6913 6803 6898 6896 6894 6895 6885 6887
		6892 6893 6886 6889 6882 6891 6890 6650 918 6883
		6888 6900 6884 6881 6880 6902 6901 6970 6964 6968
		6973 6979 6971 6956 6957 6965 6969 6943 6946 6947
		6906 6903 2516 6929 6909 6930 6953 6935 6952 1662
		6948 6945 6949 6950 6944 6951 6958 6905 6967 6963
		6961 6954 7918 6955 6960 2014 7916 6962 6959 6966
		6942 6981 6972 6977 6999 897 7001 895 6984 6976
		6978 6980 6974 6975 6997 6996 6995 6988 6985 6986
		894 6987 7864 6983 6989 6982 6994 6998 7000 7009
		6991 6990 6992 6993 7008 7007 2515 7779 7010 7011
		7016 7015 7017 7769 7771 7012 7006 7784 7862 2669
		7866 7865 7863 7775 7773 7783 7018 7765 7110 7111
		7023 7112 7108 7109 7126 7127 7129 7116 7113 7105
		2509 7102 890 7125 7106 7107 7104 7103 7128 7132
		2672 7133 7135 7098 7101 7764 7768 7770 896 7767
		7766 7746 891 7742 7094 7096 7099 7745 7763 7744
		7100 7097 7774 7857 7855 7917 7910 7912 7915 2665
		7919 7920 6813 6817 6819 6835 923 6810 6805 6802
		6786 6671 6670 6647 6648 6646 6645 6644 6649 6642
		6641 7043 7042 7041 7039 7022 7021 7014 7004 7003
		7002 7013 7005 7019 7114 7117 7119 7118 898 7130
		7131 7147 7150 7151 7152 7161 7166 7176 2508 7175
		7136 7134 7178 7138 7137 7167 7173 7174 2009 7187
		7181 7139 7177 7168 7169 7172 7171 7179 7184 7180
		7148 7149 7162 7163 7164 7165 7186 7370 7391 7392
		7393 7394 7160 7395 7170 7772 7776 7780 7782 7859
		7860 7861 7858 7856 7854 7853 888 7911 7777 7389
		7390 907 7388 7385 7384 7387 7386 7368 7367 7364
		7366 7365 7369 7382 7381 7380 7375 7383 2007 7362
		7357 7361 7363 7379 7374 7376 906 7372 7378 7377
		7334 7333 2511 7336 7327 7326 7329 7328 7330 7371
		7373 7332 7331 7335 7020 7024 7025 7115 7093 7092
		7090 7741 7095 7743 7091 7089 7088 7749 7755 7756
		7761 7762 7750 892 7781 7842 7844 7851 7852 7909
		7907 7751 7182 7185 7188 7189 2505 7360 7196 7183
		7191 7356 7355 909 7324 7325 7318 7341 7316 7340
		7319 7339 7338 7343 7345 7344 7348 7349 7350 7396
		7312 7314 7313 7347 2510 7346 7311 7310 7315 2502
		7400 7399 7401 7402 7406 7413 7411 7317 7398 7403
		7404 7397 7415 7419 7420 2503 7414 7410 7412 7351
		7323 7322 7321 7354 7320 7453 7452 7352 7451 7358
		2008 7450 7359 7353 7409 7421 7407 7408 7443 7417
		7418 7416 7442 7441 7438 7439 7440 7444 7422 7424
		7445 2501 7423 7425 7405 2504 7449 7198 7195 7194
		7466 7193 2507 7197 7446 7447 7192 7190 7455 7456
		1809 7454 7448 7461 2506 7460 7462 7464 7463 7459
		7457 7465 7087 889 7754 7759 7760 7847 7874 7904
		7848 7085 7086 7778 7153 901 7145 7144 7143 7146
		7154 7156 7158 7159 7157 7155 903 6897 886 7850
		7849 887 7873 7875 7903 7872 7870 7846 7845 7843
		7841 7758 7753 7748 7914 7913 6932 
	}
}
ohio = { 
	location = 940
	color = { 
		129 214 238 
	}
	outgoing = { 
		name = "chesapeake_bay"
		path = { 
			948 2465 
		}
		control = { 
			1309.000000 1645.000000 1343.000000 1638.000000 1371.000000 1655.000000 1416.000000 1654.000000 1443.000000 1628.000000
			1449.000000 1605.000000 
		}
	}
	outgoing = { 
		name = "st_lawrence"
		path = { 
			946 991 
		}
		control = { 
			1279.000000 1663.000000 1327.000000 1683.000000 1347.000000 1693.000000 1391.000000 1706.000000 1398.000000 1719.000000
			1429.000000 1725.000000 1451.000000 1739.000000 1486.000000 1754.000000 1505.000000 1771.000000 1530.000000 1785.000000
			1567.000000 1820.000000 
		}
	}
	members = { 
		943 6233 6341 6331 6330 6280 6298 6215 6217 948
		6226 2526 6277 6304 6210 6227 6299 6275 6302 6230
		6301 6303 6213 6306 6290 6305 6308 6214 6216 6219
		6212 6211 6220 6221 6218 6225 6224 6223 6240 6241
		6239 6238 6222 6244 947 6247 6245 6248 6246 6253
		6249 6250 6234 6236 2525 6334 6335 6235 6229 6228
		6237 6300 6279 940 6278 6307 6276 6289 6297 6332
		6333 6340 6338 6336 6232 6231 2524 6326 6345 6344
		6343 6251 6252 6350 6342 6347 6349 6357 6356 6351
		6256 6346 6348 6337 6339 6328 6464 6462 6327 6325
		6322 6324 6355 6465 2519 6358 6360 6359 6361 6362
		6469 6443 6444 6466 6467 6447 6463 6461 6323 6321
		6319 6320 6274 6273 6272 6271 6282 6286 941 6281
		6283 6269 6267 6268 6265 6270 6318 6317 6266 6432
		6426 6430 6473 6329 6316 2523 6431 6263 6460 6441
		6440 916 6435 6429 6448 6425 6423 6438 6434 6445
		6439 6436 6437 6468 917 6454 6472 6471 915 6456
		6470 6478 6474 6459 6479 6480 6477 6476 6481 7219
		6475 6499 6482 6501 913 914 6503 6502 6488 6484
		6500 6487 7220 6455 6451 6453 6457 6452 6450 6442
		6458 6483 7218 7252 6485 6494 6489 7250 7251 2513
		6486 6492 6493 6490 6491 6506 6508 6505 6507 6504
		6354 6371 2522 6368 6365 942 6352 945 6364 2521
		6367 6374 6366 6375 6378 6376 6379 6383 6385 6410
		6408 6509 6386 6382 6394 6395 6397 6388 6396 6372
		6255 6369 944 6370 946 6390 4749 4750 4751 6373
		6254 6353 6363 6377 6381 6384 6380 6401 6399 6402
		6404 6400 6398 6403 6387 6405 6510 911 6512 6511
		6411 6409 6514 6513 912 6518 6412 6414 6534 6517
		6516 6413 6416 6418 6524 6417 6515 6519 6389 6391
		6392 6393 6433 2514 7055 7050 7051 6424 6427 7052
		6428 7080 7073 7057 7058 7074 7054 7079 7056 7053
		7224 7228 7081 7082 7217 7227 7229 7222 7216 7221
		7225 7223 7230 7245 7267 7266 7243 7248 7202 7215
		6496 7244 7249 7268 6497 6498 7269 6521 6520 2518
		7265 904 6522 7264 7247 905 7211 7214 7208 7226
		7242 7246 7263 7271 2512 7270 7285 6523 6495 6525
		6528 6526 6532 6531 6530 6527 6529 7293 910 7292
		7289 7290 7275 7272 7273 7287 7286 2517 6407 6406
		6415 1663 6533 7296 7297 7294 7284 7283 7295 7291
		7288 7305 7300 7299 7302 7298 7301 2016 7306 7303
		7304 7309 7308 14304 7282 7281 7279 7280 908 7277
		7260 7259 7276 7258 7255 7261 7256 7274 7262 2520
		6422 6421 6264 6261 6657 6262 7049 6419 6420 7044
		7045 6258 6643 6257 6260 6259 7078 7076 7075 7201
		7207 7213 7068 7240 7239 7203 7206 7204 7235 7237
		7199 7200 7233 7234 7241 7205 7071 900 7077 7070
		7060 7037 7036 7031 7072 7027 7028 7032 7046 7047
		7040 7048 7038 7069 7059 7035 7034 7030 899 7337
		7342 7307 6640 6639 939 6651 6654 6655 7210 7209
		7212 7063 7067 7064 7065 7066 7061 7120 902 7033
		7029 7026 7121 7122 7123 7062 7236 7238 7124 7232
		7231 7254 7253 7278 6243 6446 6242 7257 
	}
}
mexico = { 
	location = 1551
	color = { 
		235 172 158 
	}
	outgoing = { 
		name = "carribean_trade"
		path = { 
			847 848 1510 1511 1512 1518 1516 
		}
		control = { 
			1140.000000 1248.000000 1164.000000 1300.000000 1213.000000 1350.000000 1276.000000 1360.000000 1311.000000 1335.000000
			1368.000000 1335.000000 1418.000000 1310.000000 
		}
	}
	outgoing = { 
		name = "panama"
		path = { 
			1550 1549 1548 835 
		}
		control = { 
			1173.000000 1218.000000 1360.000000 1112.000000 
		}
	}
	outgoing = { 
		name = "polynesia_node"
		path = { 
			1701 1707 1716 1715 1699 1697 
		}
		control = { 
			802.000000 1270.000000 316.000000 1306.000000 135.000000 1370.000000 45.000000 1401.000000 5618.000000 1413.000000
		}
	}
	members = { 
		1551 844 845 846 847 848 849 850 2624 852
		853 854 855 856 857 859 860 2634 2652 2633
		2651 2650 2632 2635 2638 2649 2631 2630 2629 2646
		2628 2647 2644 2645 2648 2627 2623 851 2643 2657
		2621 2622 2626 2615 2642 2641 2617 4570 4571 4572
		4573 4574 4575 4576 4578 4579 4580 4581 4582 4583
		4584 4585 4586 4588 4590 4591 4598 4640 4641 4642
		4643 4645 4647 4648 
	}
}
lhasa = { 
	location = 677
	inland = yes
	color = { 
		179 169 137 
	}
	outgoing = { 
		name = "chengdu"
		path = { 
			695 2136 697 701 709 707 
		}
		control = { 
			4096.000000 1509.000000 4140.000000 1504.000000 4178.000000 1509.000000 4226.000000 1499.000000 4241.000000 1481.000000
		}
	}
	outgoing = { 
		name = "lahore"
		path = { 
			676 4516 2074 
		}
		control = { 
			4007.000000 1482.000000 3927.000000 1501.000000 3884.000000 1530.000000 3835.000000 1541.000000 3802.000000 1520.000000
		}
	}
	outgoing = { 
		name = "ganges_delta"
		path = { 
			562 564 
		}
		control = { 
			4042.000000 1467.000000 4021.000000 1437.000000 4034.000000 1413.000000 4038.000000 1387.000000 4050.000000 1375.000000
			4062.000000 1349.000000 
		}
	}
	members = { 
		3275 705 706 14353 2129 4518 4522 2123 2194 4516
		2128 4401 4515 4514 4519 4205 676 677 14352 557
		2071 12216 4482 14351 4517 12863 565 12861 4481 12215
		12865 12866 2130 2132 2131 2133 11862 11861 2000 708
		707 711 11890 710 2074 14347 4520 12037 1787 2070
		14350 2121 712 1786 2122 4204 2191 4207 2192 4492
		554 4485 2134 11860 2184 11856 
	}
}
chengdu = { 
	location = 679
	inland = yes
	color = { 
		102 226 54 
	}
	outgoing = { 
		name = "canton"
		path = { 
			695 2136 697 701 709 707 
		}
		control = { 
			4310.000000 1477.000000 4337.000000 1499.000000 4369.000000 1499.000000 4383.000000 1469.000000 4400.000000 1435.000000
			4414.000000 1399.000000 4403.000000 1374.000000 
		}
	}
	outgoing = { 
		name = "xian"
		path = { 
			695 2136 697 701 709 707 
		}
		control = { 
			4298.000000 1518.000000 4353.000000 1540.000000 
		}
	}
	outgoing = { 
		name = "burma"
		path = { 
			2748 583 
		}
		control = { 
			4263.000000 1461.000000 4249.000000 1439.000000 4245.000000 1422.000000 4197.000000 1402.000000 4146.000000 1390.000000
			4138.000000 1354.000000 
		}
	}
	members = { 
		661 2135 2167 678 2170 11879 679 11870 11871 11874
		4212 11868 4211 11869 2169 11876 680 11872 11875 2748
		11873 675 11878 4213 2168 11877 11854 2183 11855 2180
		689 4198 11846 700 11843 11853 11844 11797 11798 11847
		11845 11799 11807 11808 672 2173 4199 11863 11884 11880
		11881 662 11885 14277 11864 674 11867 11865 673 11866
		11816 11815 11809 1897 2172 681 
	}
}
canton = { 
	location = 1371
	color = { 
		124 113 198 
	}
	outgoing = { 
		name = "malacca"
		path = { 
			1394 1367 1362 1361 
		}
		control = { 
			4402.000000 1218.000000 4335.000000 1117.000000 4306.000000 1044.000000 
		}
	}
	outgoing = { 
		name = "hangzhou"
		path = { 
			1372 1824 684 
		}
		control = { 
			4487.000000 1374.000000 4553.000000 1458.000000 4540.000000 1490.000000 
		}
	}
	outgoing = { 
		name = "philippines"
		path = { 
			1394 1397 
		}
		control = { 
			4490.000000 1273.000000 4520.000000 1224.000000 4536.000000 1217.000000 
		}
	}
	outgoing = { 
		name = "gulf_of_siam"
		path = { 
			1370 1369 1366 1364 1365 
		}
		control = { 
			4379.000000 1290.000000 4355.000000 1191.000000 4287.669922 1127.430054 
		}
	}
	members = { 
		668 3005 3276 4819 4820 4821 1840 2163 11818 2164
		11823 11817 11814 11822 11821 11828 11829 665 11827 11830
		667 11832 11839 2162 2159 1370 11826 666 11825 11819
		11820 10295 10293 10294 10291 10292 10297 10296 616 10299
		10298 664 663 2160 10286 10285 2373 10287 610 10255
		2371 10302 613 10303 10288 10301 10300 10304 10305 2372
		10290 10289 10307 11886 2161 11824 1016 10283 10284 10306
		11782 2156 11840 11841 11838 2157 11835 11836 11842 11831
		11833 11834 
	}
}
philippines = { 
	location = 1397
	color = { 
		228 206 62 
	}
	outgoing = { 
		name = "the_moluccas"
		path = { 
			1399 1357 
		}
		control = { 
			4536.000000 1091.000000 4506.000000 1022.000000 4487.000000 921.000000 
		}
	}
	outgoing = { 
		name = "polynesia_node"
		path = { 
			1403 1434 1676 1734 
		}
		control = { 
			4562.000000 1206.000000 4571.000000 1206.000000 4577.000000 1201.000000 4593.000000 1212.000000 4647.000000 1218.000000
			4925.000000 1254.000000 5245.000000 1319.000000 5478.000000 1391.000000 
		}
	}
	members = { 
		1398 651 652 653 654 655 656 657 658 2698
		2697 2699 2700 2702 2701 4348 4349 4350 4351 4352
		4353 4354 4355 4356 1397 
	}
}
polynesia_node = { 
	location = 1997
	color = { 
		220 138 57 
	}
	outgoing = { 
		name = "nippon"
		path = { 
			1675 1672 1671 1439 1437 
		}
		control = { 
			5397.000000 1465.000000 4962.000000 1507.000000 4785.000000 1537.000000 4713.000000 1525.000000 4700.000000 1548.000000
			4689.000000 1552.000000 4678.000000 1559.000000 
		}
	}
	outgoing = { 
		name = "australia"
		path = { 
			1735 1732 1733 1431 1427 
		}
		control = { 
			5486.000000 1263.000000 5308.000000 1044.000000 5175.000000 819.000000 5097.000000 694.000000 
		}
	}
	outgoing = { 
		name = "panama"
		path = { 
			1736 1740 1741 1711 1708 1702 1547 1548 835 
		}
		control = { 
			5616.000000 1402.000000 22.000000 1386.000000 149.000000 1330.000000 282.000000 1276.000000 845.000000 1199.000000
			1204.000000 1111.000000 1367.000000 1096.000000 
		}
	}
	members = { 
		1423 1431 1106 1107 1108 1109 1235 1236 1238 1239
		1240 1241 1242 1243 1244 1246 1986 1987 1988 1989
		1990 1991 1992 1993 1994 1995 1997 2738 2737 2739
		3112 3113 3142 3214 3215 3216 3217 3238 3239 3240
	}
}
australia = { 
	location = 1411
	color = { 
		76 229 45 
	}
	outgoing = { 
		name = "the_moluccas"
		path = { 
			1411 1407 1410 1409 1401 1357 
		}
		control = { 
			4955.000000 736.000000 4884.000000 844.000000 4777.000000 860.000000 4674.000000 912.000000 4572.000000 896.000000
		}
	}
	members = { 
		1411 1084 1085 1086 1087 1088 1089 1090 1091 1092
		1093 1094 1237 1790 1791 3044 3045 2726 2736 2727
		2728 2729 2730 2731 2732 2733 3048 3049 3050 3051
		3052 3053 3054 3055 3056 2721 2720 2735 2734 3119
		3122 3144 3145 
	}
}
girin = { 
	location = 730
	color = { 
		41 82 45 
	}
	outgoing = { 
		name = "nippon"
		path = { 
			1389 1373 684 
		}
		control = { 
			4633.000000 1699.000000 4622.000000 1666.000000 4664.000000 1620.000000 
		}
	}
	outgoing = { 
		name = "beijing"
		path = { 
			1389 1373 684 
		}
		control = { 
			4593.000000 1720.000000 4546.000000 1693.000000 4505.000000 1662.000000 
		}
	}
	outgoing = { 
		name = "siberia"
		path = { 
			3048 722 721 1057 1060 1062 1064 
		}
		control = { 
			4539.000000 1769.000000 4485.000000 1811.000000 4349.000000 1781.000000 4259.000000 1832.000000 4218.000000 1918.000000
			4160.000000 1982.000000 4048.000000 1993.000000 
		}
	}
	members = { 
		1038 1783 2106 5937 1051 1052 1654 5809 4215 5891
		1048 1047 4216 14284 4214 2103 1050 1046 1042 1040
		5939 5934 5936 1045 5933 5935 5932 5942 5945 1039
		5943 1043 5949 5948 5951 5950 5946 5947 5944 5955
		5960 1034 5962 5959 5956 5961 5925 5924 1035 2440
		1037 1041 5953 5952 5963 1036 2439 5913 5912 5914
		5915 5918 5916 5911 1033 1044 5938 5954 5958 1667
		5957 5964 5965 5966 7943 
	}
}
siberia = { 
	location = 1064
	inland = yes
	color = { 
		197 225 79 
	}
	outgoing = { 
		name = "kazan"
		path = { 
			1062 1064 480 479 472 475 1082 
		}
		control = { 
			3945.000000 2002.000000 3841.000000 2052.000000 3737.000000 2059.000000 3692.000000 2001.000000 3584.000000 1968.000000
			3500.000000 1968.000000 3429.000000 1952.000000 
		}
	}
	outgoing = { 
		name = "samarkand"
		path = { 
			480 478 477 1969 457 454 
		}
		control = { 
			3965.000000 1947.000000 3878.000000 1909.000000 3785.000000 1783.000000 3766.000000 1736.000000 3722.000000 1703.000000
			3694.000000 1660.000000 
		}
	}
	members = { 
		1069 2428 2429 2433 2430 2431 2432 1063 1062 5772
		5768 5769 2443 5771 5770 5778 5777 5774 5767 5775
		5766 5764 5763 5765 5757 5755 5773 5740 5776 5779
		5780 5781 5800 5814 1070 5648 5649 5782 1781 5783
		5928 5929 2437 1059 1061 5817 2436 5941 5931 5927
		5930 2438 5926 5940 1782 1054 5818 2435 5861 5836
		5834 5835 5837 1056 5813 1055 2442 5815 5810 5811
		5806 5812 5808 5804 1060 5803 5807 5802 5816 5801
	}
}
nippon = { 
	location = 1376
	color = { 
		12 36 194 
	}
	outgoing = { 
		name = "hangzhou"
		path = { 
			1389 1373 684 
		}
		control = { 
			4647.000000 1543.000000 4571.000000 1505.000000 4532.000000 1495.000000 
		}
	}
	members = { 
		2694 735 2742 1028 1030 1032 1847 11996 11994 2741
		1845 2744 11908 4232 11905 4201 2743 11707 2108 11703
		5907 5905 5908 5901 5895 5906 5909 5897 5902 5910
		5900 1850 5899 5896 11701 14346 5904 5903 11702 2188
		11700 2186 5894 731 5890 5892 5893 5888 5889 5898
		4217 5887 5886 5885 729 5883 1389 2745 11997 2107
		4230 1013 4229 4228 4227 11909 734 11906 4231 733
		11992 732 11907 11993 736 4360 1839 1029 1027 4190
		1387 12009 12007 12008 1031 12011 1852 12010 12013 12014
		4225 12015 12012 5923 1843 12003 12001 12006 737 11995
		11998 1830 4184 1014 1819 11999 1820 1825 1019 1018
		4183 1017 1818 4181 1012 4191 1024 4188 1837 1835
		12004 1026 1025 1440 4131 4192 12005 4193 12000 1021
		4187 1832 4359 14279 1020 1023 4185 4180 4189 4182
		12002 1671 5920 5922 5921 5919 5917 4186 14394 1015
	}
}
hangzhou = { 
	location = 684
	color = { 
		181 32 85 
	}
	outgoing = { 
		name = "xian"
		path = { 
			686 2175 687 689 698 2134 707 
		}
		control = { 
			4500.000000 1514.000000 4468.000000 1555.000000 4408.000000 1567.000000 
		}
	}
	outgoing = { 
		name = "beijing"
		path = { 
			684 1373 1374 1375 
		}
		control = { 
			4561.000000 1516.000000 4559.000000 1623.000000 4492.000000 1634.000000 
		}
	}
	outgoing = { 
		name = "malacca"
		path = { 
			1373 1392 1393 1395 1368 1360 1361 
		}
		control = { 
			4563.000000 1486.000000 4552.000000 1404.000000 4532.000000 1330.000000 4384.000000 1137.000000 4329.000000 1054.000000
		}
	}
	members = { 
		2143 2144 11759 1838 686 683 2151 11766 11765 4197
		11806 671 11776 11762 11795 11801 11810 11775 682 11805
		11773 11758 11803 11802 2175 11800 11757 11804 1821 14343
		11760 2141 2176 11794 687 11796 11739 2140 692 11791
		1836 11792 688 11786 11787 11788 11790 2171 11778 1833
		1655 11779 670 11780 2152 2153 11837 1829 669 11784
		1824 11770 11771 2150 11769 684 2147 2146 11774 11812
		11777 11755 11754 11764 11763 2142 1896 11750 14278 11761
		11741 11746 11740 11744 11747 11793 11785 2178 11789 11728
		685 11756 1895 11767 2145 2148 2149 1822 11753 11751
		11752 4196 11901 2155 11898 11892 11893 11895 738 11894
		11897 11896 11899 11900 2154 11903 11902 11783 11904 11781
		11768 11811 2174 11813 2158 
	}
}
xian = { 
	location = 700
	inland = yes
	color = { 
		81 50 133 
	}
	outgoing = { 
		name = "yumen"
		path = { 
			695 2136 697 701 709 707 
		}
		control = { 
			4322.000000 1558.000000 4268.000000 1576.000000 4230.000000 1618.000000 4179.000000 1655.000000 
		}
	}
	outgoing = { 
		name = "beijing"
		path = { 
			695 2136 697 701 709 707 
		}
		control = { 
			4387.000000 1574.000000 4409.000000 1574.000000 4441.000000 1618.000000 4462.000000 1637.000000 
		}
	}
	members = { 
		697 4223 701 11850 11848 698 11851 11857 11852 2181
		2179 11730 694 11731 11732 2177 693 11729 11733 702
		2747 11849 11726 11725 709 2182 699 11858 11727 
	}
}
beijing = { 
	location = 4233
	color = { 
		13 172 95 
	}
	outgoing = { 
		name = "yumen"
		path = { 
			695 2136 697 701 709 707 
		}
		control = { 
			4417.000000 1653.000000 4348.000000 1608.000000 4263.000000 1605.000000 4179.000000 1658.000000 
		}
	}
	members = { 
		2136 3009 3010 690 1816 2115 703 696 4195 2137
		11742 11736 4233 4194 695 11734 11735 11737 11743 11745
		691 2138 2113 14397 11714 11748 1375 2139 11749 11738
		11708 704 11709 11721 11722 11710 726 11715 11716 11711
		11712 11713 2111 2112 11706 730 11705 2110 11704 2109
		4203 4202 11720 722 2187 725 11719 724 11717 2185
		727 1053 11718 11891 4200 5874 5873 1049 5866 5871
		5872 5870 5867 5877 5875 5876 5865 5864 5863 5859
		5858 5862 5860 4218 2102 5869 5884 5878 5879 5880
		5881 11699 5882 2105 2104 728 5868 
	}
}
the_moluccas = { 
	location = 1357
	color = { 
		44 35 50 
	}
	outgoing = { 
		name = "malacca"
		path = { 
			1358 1360 
		}
		control = { 
			4515.000000 885.000000 4384.000000 936.000000 4339.000000 970.000000 
		}
	}
	members = { 
		1357 634 2696 3047 3120 2690 9392 9390 9381 9394
		2691 9391 9389 9388 9386 9377 9383 9387 9378 9382
		9384 9397 9393 628 9395 9396 627 9385 9379 629
		2689 2688 9375 626 9376 9373 625 631 9403 2693
		9404 9406 9407 9405 632 9412 9413 9414 9415 633
		9416 9417 9892 9894 9895 9889 9447 9444 9442 9441
		642 9433 9432 9452 9438 9431 9450 9427 2715 9429
		9434 9463 2713 9460 9462 9461 9465 644 9409 9408
		9401 9400 9399 1355 9398 2692 9402 9380 9428 9425
		641 9430 14273 9448 9445 9443 2716 9482 9485 9483
		1245 9423 9426 9422 9424 9446 9464 9496 9499 9502
		9500 9497 9498 9503 9504 2723 1789 9491 9490 9492
		9489 9486 9475 9473 9891 9419 9897 9893 9420 9888
		9896 2695 635 9421 9887 9886 9418 9890 646 1400
		650 9476 649 9474 9459 9456 9458 9457 647 9471
		9470 2718 9484 9488 2724 9494 9493 9495 1996 648
		9472 9478 9479 9480 9481 9436 9439 9455 9440 9437
		9435 9451 9454 2714 9411 9839 9834 9501 2719 9836
		9835 9840 9838 9837 9841 9842 1403 2722 9487 2725
		9469 9468 645 9477 643 9453 2717 9902 
	}
}
burma = { 
	location = 584
	inland = yes
	color = { 
		35 229 76 
	}
	outgoing = { 
		name = "ganges_delta"
		path = { 
			4396 1815 
		}
		control = { 
			4117.000000 1339.000000 4126.000000 1302.000000 4131.000000 1274.000000 4104.000000 1255.000000 4061.000000 1313.000000
		}
	}
	outgoing = { 
		name = "gulf_of_siam"
		path = { 
			4395 585 586 590 2403 4835 4834 600 4831 1365
		}
		control = { 
			4142.000000 1308.000000 4162.000000 1272.000000 4185.000000 1275.000000 4203.000000 1252.000000 4207.000000 1201.000000
		}
	}
	members = { 
		573 2397 582 4405 12835 581 12824 12825 4397 4406
		2400 584 12826 4395 4394 12818 4396 585 2401 12821
		12807 588 583 12822 12829 12830 12834 2399 12823 4393
		580 12820 12839 12840 2398 12838 4400 12246 12243 2041
		4404 12248 570 12228 12240 12231 12232 12233 12226 12229
		12230 12238 12237 12235 12234 4440 12236 2040 12239 1788
		566 2395 2396 2166 11882 12833 11883 4398 2165 587
		12831 4402 4403 12247 10214 589 12828 660 12832 12827
	}
}
gulf_of_siam = { 
	location = 1365
	color = { 
		84 152 93 
	}
	outgoing = { 
		name = "malacca"
		path = { 
			1364 1362 1361 
		}
		control = { 
			4234.000000 1136.000000 4267.000000 1090.000000 
		}
	}
	members = { 
		1022 4822 4823 4824 4825 4826 4827 4828 4829 4830
		4831 4832 4833 4834 4835 4836 4837 4838 4839 4840
		611 10231 10233 10256 2385 10211 2386 10227 10230 10210
		10199 2388 2389 10232 10229 10222 10209 10187 10208 10218
		10212 12803 601 10215 12804 10217 10213 10257 1817 615
		10216 10254 1844 2384 614 10259 2381 602 10260 10258
		10308 10224 2382 10225 10203 2379 1898 10242 10236 10243
		1823 10237 10238 10246 2378 604 10240 10248 10245 2380
		10263 10267 605 10274 10279 10272 10271 10273 10247 10249
		2377 10264 10261 10265 10270 2376 10262 10266 10269 10275
		606 2375 2374 10280 10268 10276 10277 10278 10281 607
		10282 10252 10244 10253 10226 10251 10250 10228 10202 10204
		10205 10206 10207 10196 10201 10193 592 10189 10190 2387
		10186 12805 2403 10235 10239 603 600 10192 10185 10223
		590 12806 2390 10182 593 10181 10179 12802 10184 10183
		2404 591 10188 10195 10197 10200 10198 10191 10194 612
		10219 10241 10234 609 10220 10221 2383 608 10180 10178
		10170 10167 10173 10172 10171 10174 
	}
}
malacca = { 
	location = 1361
	color = { 
		130 63 22 
	}
	outgoing = { 
		name = "ganges_delta"
		path = { 
			1348 1347 1345 1344 1343 
		}
		control = { 
			4258.000000 1018.000000 4154.000000 1114.000000 4117.000000 1218.000000 4056.000000 1307.000000 
		}
	}
	outgoing = { 
		name = "zanzibar"
		path = { 
			1352 1624 1623 1621 1620 1617 1450 1448 
		}
		control = { 
			4312.000000 959.000000 4227.000000 901.000000 3780.000000 981.000000 3487.000000 941.000000 
		}
	}
	members = { 
		594 597 599 621 1998 1999 2391 2394 2680 2684
		2678 2683 3213 4810 4811 4812 4813 4814 4815 4816
		4817 4818 2706 9329 622 9316 9328 9320 9315 9309
		9318 9330 9314 9319 9289 9307 9317 9331 2677 9313
		2676 9304 9301 9285 9288 9282 2681 9302 9284 9294
		9283 9305 9286 9290 659 9332 2679 9339 9340 9338
		9341 9344 9350 9360 2740 9343 9342 9345 2708 9346
		9349 2707 9347 9357 9358 9348 639 9355 9356 9351
		9352 2712 638 9353 9354 9359 9361 9362 9935 9936
		9933 9934 9937 9924 9938 9929 2704 9948 9947 9928
		9927 9926 9950 9335 9337 9943 2705 640 9951 9941
		9952 9334 9333 9953 9336 9940 9939 9944 9949 9942
		9946 9932 9931 9945 9930 9296 10128 10127 9956 9958
		10111 10112 9278 9955 9963 9960 9954 9957 2686 9293
		598 10114 10113 10115 10116 10123 10125 10144 10145 10146
		10120 10177 10154 10129 10153 9265 9269 9264 9262 9270
		619 9271 9273 9274 9297 9298 9277 9276 9266 2682
		9299 9281 620 9300 9280 9303 9911 636 9899 9914
		9913 9916 9904 9910 9915 9921 9920 637 9917 9912
		2710 2711 2709 9327 9306 9291 9287 9292 9275 9272
		14349 9263 9267 618 9261 9256 2674 9254 2673 9251
		617 9252 9253 9255 9257 9259 9260 9258 9250 2685
		9268 9311 9372 9371 630 9366 9368 9369 9374 9370
		9367 2687 9364 624 9365 9959 2675 9279 2392 10143
		10132 10133 10176 10130 10131 10126 10121 10122 2393 10124
		10166 10161 10158 10152 10155 10164 10165 10159 595 10156
		10162 10168 10160 10163 10150 10151 10148 10140 9962 9961
		10136 10137 10134 10141 10117 10147 10139 10135 596 10142
		10118 10119 9308 9323 623 9324 9325 9321 9322 9326
		9312 1367 10149 10157 9901 9903 2703 9905 9906 9907
		9919 9918 9707 9708 9466 9467 9909 9922 9900 9923
		9898 9925 9363 9908 
	}
}
yumen = { 
	location = 707
	inland = yes
	color = { 
		39 25 41 
	}
	outgoing = { 
		name = "samarkand"
		path = { 
			713 1786 739 4210 2127 1967 454 
		}
		control = { 
			4028.000000 1662.000000 3949.000000 1675.000000 3862.000000 1652.000000 3819.000000 1647.000000 3769.000000 1671.000000
			3728.000000 1662.000000 3702.000000 1660.000000 3687.000000 1653.000000 
		}
	}
	members = { 
		2118 1066 4669 11612 11611 4222 14281 11888 11723 2114
		2116 2193 11613 2190 5821 14341 5797 5796 5793 5798
		716 5792 5791 5794 5799 11616 11615 720 4221 11618
		717 11614 11619 5847 5844 5845 5849 5856 5846 5853
		5855 5854 2446 5857 5833 5839 1058 5828 5822 5805
		5820 5819 11617 5830 5826 5824 4220 5825 5827 5829
		1057 5823 5838 5832 5831 5840 5841 5843 5848 5851
		5850 5852 14285 4219 721 723 11724 5842 2189 719
		14303 718 2117 
	}
}
ganges_delta = { 
	location = 1343
	color = { 
		15 117 56 
	}
	outgoing = { 
		name = "comorin_cape"
		path = { 
			1342 1341 1340 
		}
		control = { 
			3954.000000 1266.000000 3888.000000 1167.000000 3873.000000 1133.000000 
		}
	}
	outgoing = { 
		name = "doab"
		path = { 
			578 451 450 453 454 
		}
		control = { 
			4016.879883 1342.959961 4008.000000 1402.000000 3957.000000 1417.000000 3923.000000 1408.000000 3885.000000 1424.000000
		}
	}
	members = { 
		12115 12112 12114 12177 12178 12189 12209 2096 12193 4470
		4451 553 12190 12179 4446 12176 12181 4448 12182 12175
		12185 2049 4450 552 4441 2080 12184 2043 12210 12847
		12213 561 12846 4476 2038 12212 12845 4477 12844 4479
		4471 2081 12842 2046 2045 12211 12843 4475 12855 1950
		12856 12853 2039 12851 12857 12854 12850 12852 567 12848
		4474 564 12242 12241 12858 12849 12859 2091 568 12227
		12220 12225 12219 4478 2042 12222 12214 12221 12217 12223
		12224 571 12868 12867 12864 12862 562 12195 12194 563
		12841 12200 2044 4472 12191 12183 12836 12860 12817 12816
		579 12815 2402 12811 12244 12245 12837 12218 4473 12819
		12808 12810 12812 12813 1815 4399 12809 12814 586 12188
		560 12192 12187 12186 12208 2098 
	}
}
doab = { 
	location = 524
	inland = yes
	color = { 
		154 238 130 
	}
	outgoing = { 
		name = "deccan"
		path = { 
			525 2093 
		}
		control = { 
			3856.000000 1399.000000 3841.000000 1359.000000 3825.000000 1339.000000 3825.000000 1310.000000 
		}
	}
	outgoing = { 
		name = "lahore"
		path = { 
			522 2065 
		}
		control = { 
			3852.000000 1451.000000 3836.000000 1479.000000 3810.000000 1500.000000 
		}
	}
	members = { 
		4496 12068 12067 12083 12099 12110 4467 12100 2097 12082
		559 12098 4459 4466 12084 740 12097 528 2059 523
		4497 12080 524 525 12096 2063 12079 4494 12062 12061
		12078 4499 12077 4491 12081 12065 12064 2094 4495 12073
		2055 12074 12196 556 555 12072 12197 12075 12066 4490
		4488 2095 12202 12206 4487 12070 12201 12203 4489 2047
		12069 4469 12204 558 12101 4468 12111 12063 12205 12207
		12198 4484 12199 4486 4483 12071 550 
	}
}
lahore = { 
	location = 507
	inland = yes
	color = { 
		63 150 30 
	}
	outgoing = { 
		name = "samarkand"
		path = { 
			578 451 450 453 454 
		}
		control = { 
			3786.000000 1533.000000 3766.000000 1554.000000 3729.000000 1561.000000 3702.000000 1572.000000 3696.000000 1602.000000
			3666.000000 1619.000000 
		}
	}
	outgoing = { 
		name = "persia"
		path = { 
			578 451 450 446 
		}
		control = { 
			3749.000000 1478.000000 3716.000000 1457.000000 3698.000000 1478.000000 3663.000000 1502.000000 3602.000000 1499.000000
			3542.000000 1497.000000 3494.000000 1510.000000 3469.000000 1540.000000 3444.000000 1552.000000 3442.000000 1574.000000
			3438.000000 1588.000000 
		}
	}
	outgoing = { 
		name = "gujarat"
		path = { 
			506 504 
		}
		control = { 
			3802.000000 1474.000000 3819.000000 1447.000000 3819.000000 1424.000000 3789.000000 1399.000000 3775.000000 1373.000000
		}
	}
	members = { 
		2228 448 11542 11550 11549 11548 11589 11590 11593 11556
		11557 451 11547 11567 11568 2226 11552 11565 2200 11592
		11591 11569 2079 11579 4511 11597 11554 11570 4509 11594
		11566 11588 447 2229 435 11546 2225 11545 449 11541
		11540 450 11551 11555 11543 11553 11595 11599 11600 2073
		11607 11598 578 11604 4521 11608 11596 12021 11602 11581
		12020 11610 11609 1785 11517 452 11518 11544 2127 11516
		1968 11510 2227 2078 11580 11586 11582 12025 11606 4510
		11584 12026 2076 506 11587 4508 11578 12040 12039 12085
		12043 2075 507 11585 4507 4411 12031 12041 4513 12042
		12030 509 12044 4463 4493 12046 510 12055 12032 12028
		12027 11583 12022 11605 12024 12023 12019 2077 11601 2086
		11564 2072 11577 11563 2068 11562 11576 4449 508 12029
		12033 12034 511 12035 2069 12038 12060 12036 12054 12056
		11603 
	}
}
deccan = { 
	location = 1948
	inland = yes
	color = { 
		241 13 61 
	}
	outgoing = { 
		name = "gujarat"
		path = { 
			4311 517 1337 
		}
		control = { 
			3815.000000 1310.000000 3803.000000 1343.000000 3783.000000 1346.000000 3779.000000 1361.000000 
		}
	}
	outgoing = { 
		name = "comorin_cape"
		path = { 
			541 4300 4292 3015 
		}
		control = { 
			3834.000000 1259.000000 3843.000000 1227.000000 3827.000000 1187.000000 3841.000000 1143.000000 
		}
	}
	members = { 
		542 4444 2035 12147 12148 12143 2037 4436 12140 12152
		12151 4438 544 12132 12135 4443 4442 4435 12136 2034
		4437 12134 2050 12138 545 4432 4434 4433 12137 548
		2092 527 12133 2056 2036 526 12139 546 12109 12108
		12107 4458 12106 4460 12105 2057 12104 4461 12120 4445
		547 12180 12118 12116 12117 2082 12113 551 12119 4447
		4452 4453 2028 12145 1948 12144 12146 1437 12251 
	}
}
comorin_cape = { 
	location = 1340
	color = { 
		212 147 69 
	}
	outgoing = { 
		name = "gulf_of_aden"
		path = { 
			1615 1451 1331 
		}
		control = { 
			3752.000000 1156.000000 3536.000000 1215.000000 
		}
	}
	outgoing = { 
		name = "gujarat"
		path = { 
			1339 1338 1337 504 
		}
		control = { 
			3798.000000 1199.000000 3766.000000 1278.000000 3771.000000 1338.000000 
		}
	}
	outgoing = { 
		name = "zanzibar"
		path = { 
			1336 1452 1451 1453 1447 
		}
		control = { 
			3716.000000 1106.000000 3405.000000 955.000000 
		}
	}
	members = { 
		1340 539 1101 1248 531 2090 4418 4420 12171 4414
		4412 2085 540 1947 12170 12168 538 535 12164 12165
		2101 536 537 4410 12166 12167 12173 4415 4416 12169
		2026 12172 4417 12159 533 2027 2083 2031 4421 12158
		534 12162 12163 12157 12155 12161 4413 12156 2029 1949
		4419 543 2084 4425 12142 532 4428 4427 2032 569
		2033 12149 12150 4439 12174 549 2048 12153 4431 4408
		2099 12017 4407 12018 4409 12016 572 2100 574 12249
		12250 1612 4424 12141 541 12154 4426 4422 4423 
	}
}
gujarat = { 
	location = 4457
	color = { 
		135 104 85 
	}
	outgoing = { 
		name = "gulf_of_aden"
		path = { 
			1336 1333 1332 1331 
		}
		control = { 
			3746.000000 1328.000000 3538.000000 1259.000000 
		}
	}
	outgoing = { 
		name = "hormuz"
		path = { 
			1336 1334 
		}
		control = { 
			3742.000000 1367.000000 3700.000000 1366.000000 3553.000000 1399.000000 
		}
	}
	outgoing = { 
		name = "zanzibar"
		path = { 
			1336 1452 1451 1453 1447 
		}
		control = { 
			3756.000000 1324.000000 3621.000000 1226.000000 3376.000000 986.000000 
		}
	}
	members = { 
		505 4503 4505 4506 512 514 2067 12086 4502 2053
		2058 4501 2087 12123 12087 4480 518 12124 14338 2054
		503 12121 4456 521 515 12122 2051 2052 4454 2088
		11573 504 11574 11575 4504 513 12091 4465 12094 519
		520 2064 12050 12095 12049 2062 12047 12048 12053 2065
		2066 12045 12057 12058 4462 12125 12127 516 12088 4512
		517 12129 12128 12130 12103 4430 12131 4457 12126 4455
		2093 12102 12090 12089 4464 12051 12052 12059 4500 522
		529 2089 530 12092 12093 12076 4498 2061 2060 1946
		4429 2030 12160 
	}
}
gulf_of_aden = { 
	location = 4346
	color = { 
		48 54 167 
	}
	outgoing = { 
		name = "zanzibar"
		path = { 
			1446 1447 1448 
		}
		control = { 
			3433.000000 1127.000000 3373.000000 1041.000000 3305.000000 979.000000 
		}
	}
	outgoing = { 
		name = "alexandria"
		path = { 
			1330 1329 1328 361 358 
		}
		control = { 
			3321.169922 1201.170044 3238.000000 1345.000000 3180.000000 1432.000000 3155.000000 1461.000000 3139.000000 1492.000000
			3119.000000 1504.000000 
		}
	}
	outgoing = { 
		name = "hormuz"
		path = { 
			2343 1779 395 1335 
		}
		control = { 
			3556.000000 1299.000000 3579.000000 1369.000000 3535.000000 1395.000000 
		}
	}
	outgoing = { 
		name = "ethiopia"
		path = { 
			1330 1329 1328 361 358 
		}
		control = { 
			3352.929932 1187.380005 3304.889893 1188.599976 3279.000000 1180.000000 3249.000000 1190.000000 
		}
	}
	members = { 
		388 402 1099 1205 1232 2787 1209 1212 2765 1230
		1215 2341 2793 2795 2782 2775 3267 3268 1331 11416
		11417 390 4281 11420 2344 11422 2345 11423 11424 11425
		4280 387 11419 11418 11421 4279 2786 2789 2790 2788
		1206 2024 2784 2783 2785 2780 10962 2776 2794 2774
		2777 10963 4051 10993 10992 10970 10971 10964 10969 10968
		10994 4282 10854 2346 10886 10855 10925 9971 2343 389
		4283 4284 401 10888 10887 391 10851 10850 10885 10884
		10852 10849 10846 10853 10961 2778 2792 10920 10921 10922
		10923 10924 
	}
}
katsina = { 
	location = 1149
	inland = yes
	color = { 
		36 92 181 
	}
	outgoing = { 
		name = "tunis"
		path = { 
			352 341 
		}
		control = { 
			2792.000000 1219.000000 2842.000000 1236.000000 2846.000000 1289.000000 2844.000000 1340.000000 2873.000000 1401.000000
			2858.000000 1457.000000 2851.000000 1521.000000 2797.000000 1543.000000 2790.000000 1582.000000 
		}
	}
	outgoing = { 
		name = "timbuktu"
		path = { 
			352 341 
		}
		control = { 
			2745.000000 1206.000000 2716.000000 1214.000000 2703.000000 1207.000000 2681.000000 1212.000000 2660.000000 1232.000000
			2632.000000 1275.000000 
		}
	}
	outgoing = { 
		name = "ethiopia"
		path = { 
			1127 346 344 345 
		}
		control = { 
			2790.000000 1202.000000 2835.000000 1209.000000 2859.000000 1196.000000 2907.000000 1222.000000 2997.000000 1218.000000
			3031.000000 1194.000000 3123.000000 1216.000000 3161.000000 1217.000000 3177.000000 1184.000000 3202.000000 1180.000000
			3220.000000 1184.000000 
		}
	}
	members = { 
		3027 3033 3062 3074 3101 3235 3274 2281 2283 1161
		11914 1162 2285 11919 1249 1152 2294 11912 11913 1151
		11918 11920 11921 1163 11917 11934 11932 11929 11933 11935
		1164 11928 10595 1159 10594 2286 10592 10591 10589 1157
		1160 2287 1648 1158 10608 10607 2277 2284 10610 2280
		10609 1156 1155 1154 10612 1150 2292 1140 1144 11910
		2293 2278 1145 11916 1146 1147 1153 2289 11911 2279
		2282 10615 10616 1148 10617 10614 10618 10619 10621 10622
		10611 10613 11923 11927 1141 2291 2258 1466 1126 11672
		11684 11691 11683 11692 2256 11922 1143 10637 1136 2254
		2252 2255 11681 10645 2267 1125 11682 11693 2251 10638
		2270 11677 11678 11679 1142 11675 10646 11676 1137 2266
		10722 2253 10642 10639 10647 2268 10651 10623 10634 10630
		2269 10640 10626 10620 10644 2265 2273 10636 2276 2272
		10632 10631 2275 2274 2475 10635 2271 10641 10643 10652
		10653 10650 10648 10732 10649 1135 2288 10590 10597 11960
		11961 11939 1165 11942 11940 4078 11946 11947 11945 11948
		11957 11956 11955 11954 11944 11951 11952 11950 11943 11930
		11959 11958 11962 1796 11963 10599 10598 10596 10593 11953
		1169 4079 4080 13047 13048 13051 1168 13052 13053 13054
		13055 1167 1166 13046 11941 1306 1097 11964 11966 1901
		1170 13037 13050 13049 13045 798 1149 11924 11925 2295
		11690 11689 11926 11685 11688 11674 11687 1138 1139 11686
		2257 11680 11670 11673 10633 10625 10624 11915 10628 10629
		10627 11937 11931 11936 11938 
	}
}
timbuktu = { 
	location = 1132
	inland = yes
	color = { 
		192 91 14 
	}
	outgoing = { 
		name = "safi"
		path = { 
			1127 346 344 345 
		}
		control = { 
			2603.000000 1328.000000 2616.000000 1440.000000 2589.000000 1490.000000 2555.000000 1513.000000 2526.000000 1503.000000
			2517.000000 1513.000000 
		}
	}
	outgoing = { 
		name = "ivory_coast"
		path = { 
			1141 1140 1143 1142 1794 
		}
		control = { 
			2581.000000 1250.000000 2571.000000 1219.000000 2593.000000 1202.000000 2595.000000 1167.000000 2620.000000 1142.000000
			2638.000000 1123.000000 2638.000000 1103.000000 2650.000000 1089.000000 
		}
	}
	members = { 
		3260 3269 3273 2260 1132 2246 10715 2261 2264 1133
		2262 10724 10728 10731 10725 2250 1131 10723 2263 1134
		10721 10727 10730 10718 10726 2259 10714 10729 10713 11403
		2247 11399 11620 11401 10711 10712 11402 10710 10707 10706
		11400 11398 11396 10586 2239 2243 11397 2244 2237 11392
		11622 11389 11395 11394 11626 11388 11387 11623 11393 11391
		11631 1114 10585 10582 11628 11634 11633 11632 11627 10584
		11625 11624 1116 10733 10734 1130 10735 8433 11666 11667
		11668 10719 11653 11669 11671 11661 11640 11643 11644 11639
		11630 2241 11641 11642 11646 11647 11648 11649 11650 11651
		11652 11645 1118 11636 11635 11638 10583 11658 11660 11659
		1119 11657 11654 11656 2242 11655 11662 11664 11663 11665
		14271 1096 14272 8430 8428 8419 1128 1129 10720 1123
		10717 2249 1117 1121 1122 10709 10708 1124 1120 2248
		2245 10716 11629 2238 2240 11390 1115 11386 11621 11385
		11380 11382 11381 11383 
	}
}
hormuz = { 
	location = 1334
	color = { 
		205 45 193 
	}
	outgoing = { 
		name = "basra"
		path = { 
			1334 1335 
		}
		control = { 
			3493.000000 1421.000000 3440.000000 1444.000000 
		}
	}
	members = { 
		2233 575 4286 4327 2218 11190 2217 11185 4331 11187
		11174 11184 11181 11186 11183 11179 11180 4329 2223 11178
		11193 11182 4330 430 11175 4332 11177 11165 11163 11157
		11154 11155 11169 11170 11158 412 11152 11153 11171 11172
		11173 2219 431 11194 2999 11197 11198 11199 11209 11208
		11196 11195 11200 11188 11189 11191 11106 11168 11164 11137
		11159 4289 11162 11161 413 11160 11142 11138 11139 11140
		11135 11134 11130 11131 4342 11167 4345 11207 11206 11201
		11176 11156 4275 11415 11301 404 1779 4285 403 11414
		4287 400 399 11302 2333 397 11305 11306 11304 11303
		11413 11312 11311 11309 11308 11307 2347 2336 10891 10893
		10892 10890 394 396 10894 11192 398 392 2339 10873
		10889 2342 11213 4328 11560 11219 11559 11558 2232 11218
		11215 11217 11216 11214 11220 11221 11211 11210 11212 2220
		432 576 11561 577 2231 11572 11571 
	}
}
great_lakes = { 
	location = 4064
	inland = yes
	color = { 
		29 200 22 
	}
	outgoing = { 
		name = "congo"
		path = { 
			4067 
		}
		control = { 
			3115.000000 1001.000000 3095.000000 968.000000 3065.000000 962.000000 3037.000000 948.000000 
		}
	}
	outgoing = { 
		name = "ethiopia"
		path = { 
			4064 
		}
		control = { 
			3141.000000 1031.000000 3146.000000 1056.000000 3134.000000 1077.000000 3146.000000 1128.000000 3183.000000 1135.000000
			3202.000000 1153.000000 3221.000000 1164.000000 
		}
	}
	outgoing = { 
		name = "zanzibar"
		path = { 
			4054 
		}
		control = { 
			3175.000000 1012.000000 3196.000000 991.000000 3222.000000 983.000000 3246.000000 947.000000 3262.000000 931.000000
		}
	}
	members = { 
		3018 4060 4052 
	}
}
congo = { 
	location = 4089
	inland = yes
	color = { 
		19 60 134 
	}
	outgoing = { 
		name = "ivory_coast"
		path = { 
			1464 1465 1466 
		}
		control = { 
			2973.000000 949.000000 2935.000000 953.000000 2895.000000 956.000000 2861.000000 931.000000 2804.000000 918.000000
			2698.000000 1021.000000 
		}
	}
	outgoing = { 
		name = "zambezi"
		path = { 
			4101 
		}
		control = { 
			3012.000000 924.000000 3014.000000 886.000000 3031.000000 827.000000 3074.000000 805.000000 3074.000000 776.000000
			3090.000000 761.000000 
		}
	}
	members = { 
		1171 3019 3020 3022 3023 3028 4081 3060 3063 3064
		3068 3069 3102 3103 3219 3229 3230 3231 3232 3233
		3234 3261 4088 12869 4090 4089 4091 4096 4105 13101
		4093 4097 13102 13099 4085 4083 4087 2948 4082 13073
		13069 13060 13074 13075 13072 13100 4084 13071 13043 13044
		13070 13040 13035 13034 13039 2949 13036 13041 13038 13042
		13103 13104 4092 4107 13105 4098 4095 4100 13121 4132
		13160 13157 13158 13161 4103 13164 13162 13163 4099 12875
		12877 12876 12874 12871 12872 12870 14298 4086 1797 12873
		11968 11965 11949 4109 13107 13106 13077 13080 13059 13058
		13056 13057 11971 11969 11970 11230 
	}
}
zambezi = { 
	location = 1190
	inland = yes
	color = { 
		162 74 140 
	}
	outgoing = { 
		name = "zanzibar"
		path = { 
			1192 
		}
		control = { 
			3151.000000 759.000000 3180.000000 737.000000 3232.000000 704.000000 3289.000000 768.000000 3275.000000 868.000000
		}
	}
	members = { 
		3015 3016 3017 1189 2950 3218 3221 3222 3265 3266
		4041 4058 4073 4056 11316 11317 1200 11319 4057 4076
		11321 11318 4059 4061 4071 11323 4072 11324 4063 11981
		4069 11980 11976 11974 11975 11982 4070 11987 11988 4067
		11991 11985 11983 11990 11984 11986 11225 12878 4068 11973
		11227 11228 11226 4133 4066 11224 11229 4134 4065 11231
		11232 11237 11233 11243 11238 11236 11235 4064 11248 11247
		11244 11239 11254 11253 11251 4062 11252 11250 11249 10982
		10986 10988 10979 10977 10972 11322 10974 10975 10976 10978
		1649 4054 10980 10981 10985 10984 10987 10983 14294 4074
		11242 11241 11240 11262 1798 11245 4075 4053 11246 14297
		10991 10989 10990 10966 4055 10965 1273 10967 1925 10973
		11320 1651 4043 13243 4042 13170 13211 13165 1188 13153
		13212 13166 13209 13210 4047 13152 1190 4040 13155 13149
		4101 13137 13135 4046 13138 4050 13159 13139 13116 13134
		13144 13136 13120 13147 13148 13146 13119 13118 13117 4104
		13154 13172 13171 4045 13151 13150 4077 13156 4102 13169
		13168 11979 11978 11977 11234 4037 13174 13173 1191 13179
		13175 13180 13208 13206 13205 4038 2951 13207 13197 13177
		13204 13178 1185 13145 13142 13143 4039 13244 13176 13241
		13242 13240 4036 13245 4035 13239 13246 13225 13216 4034
		13203 1187 13141 13140 13133 13131 13128 13130 13122 4106
		13132 13123 4108 4044 4048 13126 13124 13127 13125 
	}
}
ethiopia = { 
	location = 1224
	inland = yes
	color = { 
		56 163 69 
	}
	outgoing = { 
		name = "alexandria"
		path = { 
			1330 1329 1328 361 358 
		}
		control = { 
			3221.000000 1203.000000 3177.000000 1216.000000 3159.000000 1241.000000 3147.000000 1258.000000 3171.000000 1280.000000
			3155.000000 1316.000000 3122.000000 1292.000000 3117.000000 1335.000000 3147.000000 1373.000000 3145.000000 1408.000000
			3116.000000 1450.000000 3123.000000 1482.000000 
		}
	}
	members = { 
		1222 3024 3032 3075 3076 2766 1228 9986 9987 2801
		1221 9982 4033 1225 9975 9974 9989 9990 1217 9983
		9979 2797 9988 2800 2798 9981 9978 2799 9985 10932
		10931 2772 2763 10949 2762 1223 1224 9984 10950 2758
		10951 10928 2770 10952 4158 1213 2791 2759 1214 10929
		10934 10933 10927 2769 1227 2767 10926 10919 1226 2771
		9980 9968 1220 9970 1229 9966 9967 9973 9969 9992
		2802 9993 1216 10004 9996 9999 9994 9995 11259 9991
		11257 11255 11258 11261 10005 4322 10001 10000 9998 9997
		10007 10006 2932 10601 10602 10003 774 10936 10938 10937
		10939 10940 10942 10955 10954 10947 10943 1799 10945 2760
		2757 10944 14300 2761 10953 2756 10948 10941 1218 1210
		10946 10957 2779 1207 10958 1208 10959 1211 10956 2773
		2764 10935 10930 2768 11260 1219 10002 10600 11967 9976
		9977 10960 2781 11972 11256 
	}
}
zanzibar = { 
	location = 1448
	color = { 
		206 97 18 
	}
	outgoing = { 
		name = "cape_of_good_hope"
		path = { 
			1449 1456 1457 1458 1459 1460 
		}
		control = { 
			3296.000000 832.000000 3302.000000 754.000000 3250.000000 625.000000 3075.770020 453.109985 
		}
	}
	members = { 
		1103 1199 1202 1203 1204 2796 4028 4025 3114 3264
		4021 4024 1196 1198 13235 13234 4049 13237 13238 13236
		13226 13233 13228 13227 13223 13232 13231 1195 13230 788
		13229 13221 13222 13220 1192 13215 13213 13214 13201 13196
		13217 13224 13218 13219 1186 13200 13199 13193 13192 13194
		1183 13191 13195 13202 13188 1800 13185 13186 13187 13190
		13249 1792 13252 13253 13250 4027 13251 4030 4022 4023
		13247 11315 11314 11313 1201 1197 4020 10587 10588 4026
		13248 4029 4032 1193 4031 1194 13183 1182 10562 13182
		13184 13189 13304 2952 13198 1102 1100 
	}
}
cape_of_good_hope = { 
	location = 1460
	color = { 
		80 113 181 
	}
	outgoing = { 
		name = "ivory_coast"
		path = { 
			1461 1462 1463 1464 1465 1466 
		}
		control = { 
			2821.000000 599.000000 2753.000000 862.000000 2673.000000 992.000000 
		}
	}
	members = { 
		1181 3011 3012 3013 3014 3058 3065 3066 3067 3071
		3220 3223 3224 3225 3226 3227 3228 1174 10544 13257
		13255 13256 1173 10543 2864 13270 13291 13290 13288 2880
		13285 13287 13299 13303 13301 13293 13300 10540 13289 13284
		13286 13295 13292 1178 13297 13298 2856 10558 10549 10554
		13278 13281 10551 13274 13277 13282 789 13276 13273 13275
		13280 13283 13181 10561 10560 10559 13279 13296 13302 10542
		10541 13258 13254 13262 13263 13112 13261 13259 13260 13113
		13098 13095 13096 13097 13093 13090 13088 13092 13094 13068
		13067 13086 13063 13065 13066 13087 13089 13091 13062 13083
		13082 13110 13111 13108 13109 13079 13085 13064 13061 1172
		13081 13084 13076 13078 4094 13268 833 13269 13267 1179
		1176 13266 10552 13272 13271 1180 10557 10555 10550 10556
		10553 1801 13294 1175 13264 10547 10545 10546 1184 13167
		10548 13265 13129 13115 1177 14395 1098 4157 1458 13114
		4155 
	}
}
basra = { 
	location = 1335
	color = { 
		184 174 65 
	}
	outgoing = { 
		name = "aleppo"
		path = { 
			408 409 2334 382 377 1317 1848 322 317 1320
		}
		control = { 
			3374.000000 1499.000000 3340.000000 1513.000000 3330.000000 1538.000000 3296.000000 1562.000000 3279.000000 1565.000000
			3256.000000 1587.000000 
		}
	}
	outgoing = { 
		name = "persia"
		path = { 
			412 413 428 426 
		}
		control = { 
			3391.000000 1502.000000 3398.000000 1513.000000 3390.000000 1533.000000 3371.000000 1552.000000 3405.000000 1564.000000
			3417.000000 1586.000000 
		}
	}
	members = { 
		395 2340 3211 2312 2311 4288 10794 10795 10796 11146
		408 10895 11150 11151 11149 11147 4290 11148 11145 11144
		2209 11143 11141 
	}
}
samarkand = { 
	location = 454
	inland = yes
	color = { 
		80 75 168 
	}
	outgoing = { 
		name = "persia"
		path = { 
			442 441 438 437 2214 426 
		}
		control = { 
			3641.000000 1621.000000 3606.000000 1586.000000 3566.000000 1594.000000 3532.000000 1613.000000 3497.000000 1612.000000
			3477.000000 1597.000000 
		}
	}
	outgoing = { 
		name = "astrakhan"
		path = { 
			442 440 443 470 465 464 
		}
		control = { 
			3624.000000 1654.000000 3596.000000 1677.000000 3559.000000 1701.000000 3479.000000 1756.000000 3466.000000 1787.000000
			3414.000000 1787.000000 
		}
	}
	members = { 
		441 739 1973 2370 2356 2351 2352 2124 4209 2358
		456 1970 455 11455 11457 8476 11456 11454 11453 2362
		11451 440 11435 11452 2363 8480 8479 8484 1969 8478
		8483 11465 11461 11467 11476 8481 11462 442 11466 11478
		11474 11468 11470 11483 11487 457 11475 453 11469 11472
		11500 11497 11482 11464 454 11485 11488 11479 11480 11477
		11484 11481 1967 11519 11496 11498 11499 11491 11489 11527
		11495 11492 11526 11490 11493 11525 11520 11494 11521 11523
		458 460 11522 11524 2125 11533 11532 4210 11535 11528
		2364 11530 8489 8491 8487 8485 8486 8488 1653 8499
		8492 8500 8490 8477 11437 11439 11442 11443 4344 11486
		11473 11440 11471 11501 11503 11504 11505 11502 11514 11509
		11511 11513 11512 11515 11536 11537 11534 8494 8497 8495
		461 8493 11531 2126 11529 2368 8496 8501 459 8482
		11507 11506 11508 4343 11539 476 8506 2361 477 8503
		2355 2360 8537 8539 8538 8543 8544 8542 8545 8546
		4136 8504 8526 8505 2354 8520 8525 14289 8523 8521
		8519 8522 8549 8550 8554 5700 8536 5711 5714 5701
		5716 5715 5704 5713 5699 5703 5706 5708 5718 5717
		5744 8541 5712 5745 5747 5748 5784 5786 5788 5785
		5787 5790 5720 5724 8524 8535 8551 8552 8553 5698
		5709 5710 5707 5705 5702 5697 5687 2434 5722 5723
		5719 5743 5742 5750 5749 8540 8502 8498 5789 5759
		5758 5753 5726 5725 5689 5688 5686 5654 8534 14288
		479 8528 8548 11460 11459 11463 11438 444 11441 5656
		11458 8547 5795 5746 5756 5733 5728 5727 5721 5729
		5692 478 5731 5732 5730 5751 5752 1065 5760 5762
		5754 5761 4208 2120 2119 714 1784 11889 715 713
		4206 11887 
	}
}
persia = { 
	location = 426
	inland = yes
	color = { 
		204 119 31 
	}
	outgoing = { 
		name = "aleppo"
		path = { 
			417 420 419 418 332 329 325 316 1320 
		}
		control = { 
			3410.000000 1607.000000 3388.000000 1596.000000 3355.000000 1597.000000 3346.000000 1584.000000 3318.000000 1598.000000
			3273.000000 1602.000000 3234.000000 1607.000000 
		}
	}
	members = { 
		417 419 421 437 439 2206 4299 4305 4340 3243
		11112 11205 11204 11202 11115 11113 2222 11114 429 11111
		11110 4171 11109 4335 11107 11103 11166 11108 11104 11105
		2213 11074 11072 11069 11070 4337 11080 11078 11077 11081
		11079 426 4177 11076 11075 428 11056 11055 11041 11042
		11044 11054 2215 11045 11053 11052 11050 4339 11038 2212
		11039 4338 11049 11048 11043 11040 11133 11132 11073 414
		11136 11071 4170 11101 11102 433 4334 11116 11120 436
		11117 4336 11091 11088 2235 11082 11089 11086 11085 11083
		2236 11067 11066 11068 11426 11062 11063 11060 11061 2214
		427 11059 4341 11058 11057 2216 11064 11065 11051 11036
		4300 11022 11021 11019 11018 11017 11037 2207 11014 11023
		11035 424 11034 11030 11029 11046 11047 10030 11033 11032
		11031 11028 11026 11025 416 2202 9824 2205 11027 10031
		9825 11012 4325 2221 11094 11097 11092 11099 11100 11118
		446 4324 11119 2224 11095 11087 11090 4326 11093 11096
		11098 11432 11448 11450 11538 2349 11429 11428 11084 11427
		2350 11430 11431 445 11444 11445 11447 11446 11449 11121
		11222 11223 434 2230 2234 11203 11433 11434 11436 438
		11024 11020 10029 9830 9828 9245 9827 9829 9833 2204
		9832 9705 9831 420 9826 4301 423 9704 9244 2201
		9706 5391 5390 5395 5385 5386 5382 2197 5383 10028
		5415 5414 5410 4306 5407 5406 5412 5413 5416 425
		5411 5409 5408 5404 2198 5401 5402 5405 5400 2203
		5403 
	}
}
aleppo = { 
	location = 377
	color = { 
		60 120 180 
	}
	outgoing = { 
		name = "constantinople"
		path = { 
			408 409 2334 382 377 1317 1848 322 317 1320
		}
		control = { 
			3201.000000 1592.000000 3203.000000 1602.000000 3191.000000 1611.000000 3190.000000 1626.000000 3169.000000 1638.000000
			3142.000000 1656.000000 3112.000000 1658.000000 3102.000000 1669.000000 
		}
	}
	members = { 
		3070 2308 377 1849 4297 10032 10034 10776 10033 10775
		382 378 10777 10778 9247 418 2306 9246 2307 9249
		4270 4271 10036 10037 10780 10779 1855 4302 11011 4304
		11013 9237 4291 10035 2314 407 405 4295 9248 4296
		4292 411 2309 406 2310 14399 4293 415 4294 11015
		11123 11127 11129 11126 11124 11125 11122 4172 2210 2211
		11128 410 10793 409 11016 
	}
}
alexandria = { 
	location = 358
	color = { 
		200 200 102 
	}
	outgoing = { 
		name = "constantinople"
		path = { 
			362 363 1316 1932 318 317 1320 
		}
		control = { 
			3079.000000 1550.000000 3053.000000 1575.000000 3050.000000 1602.000000 3027.000000 1634.000000 3042.000000 1653.000000
			3054.000000 1665.000000 3063.000000 1668.000000 3070.000000 1673.000000 
		}
	}
	outgoing = { 
		name = "venice"
		path = { 
			1315 1318 145 1773 144 4175 1310 1309 1308 
		}
		control = { 
			3050.000000 1544.000000 2990.459961 1571.119995 2940.000000 1631.000000 2921.000000 1679.000000 2867.000000 1711.000000
		}
	}
	outgoing = { 
		name = "genua"
		path = { 
			2325 1314 1313 1306 1302 1303 1298 1297 
		}
		control = { 
			3041.000000 1525.000000 2870.000000 1593.000000 2821.000000 1616.000000 2794.000000 1677.000000 2785.000000 1715.000000
		}
	}
	members = { 
		363 364 2322 2323 2331 3026 3263 3244 4321 9812
		2325 2318 4323 9823 1234 9822 1231 9972 2324 2321
		9821 360 2320 4320 2319 2317 4318 359 9813 4317
		358 2316 9816 4316 9817 9815 9814 362 14264 10603
		10604 1795 1233 361 365 9820 1854 1976 10781 10788
		10787 380 10786 379 10782 10783 2315 4319 4277 381
		2327 4272 10830 393 10860 10863 10883 10882 4273 2330
		10836 384 10835 10834 10837 10838 10840 385 10839 2329
		2328 4269 10832 10833 4268 10784 9819 10831 10859 10856
		10858 10792 10791 10790 10789 2334 10857 10861 10862 10864
		2337 10866 10867 10870 10868 10869 10871 10865 10842 10843
		2332 10844 10845 10841 4278 10847 10848 386 2335 10881
		10874 10878 10877 10876 10875 383 10872 4274 2338 10880
		10879 4276 
	}
}
astrakhan = { 
	location = 464
	inland = yes
	color = { 
		119 120 175 
	}
	outgoing = { 
		name = "kazan"
		path = { 
			466 303 1081 1082 
		}
		control = { 
			3358.000000 1812.000000 3336.000000 1822.000000 3343.000000 1843.000000 3355.000000 1872.000000 3390.000000 1894.000000
			3392.000000 1927.000000 
		}
	}
	outgoing = { 
		name = "crimea"
		path = { 
			468 287 1323 
		}
		control = { 
			3353.000000 1802.000000 3316.000000 1803.000000 3276.000000 1799.000000 3257.000000 1790.000000 3221.000000 1777.000000
			3200.000000 1740.000000 3161.000000 1733.000000 
		}
	}
	members = { 
		2199 2365 8459 8458 5290 5304 5292 5294 5293 5306
		5308 8464 5307 2417 5303 5288 5286 5333 5305 5287
		5291 5309 5368 5370 2208 5302 5372 5388 5393 5392
		5394 5396 5397 5365 5379 5381 5371 5389 5387 5364
		5362 5369 5367 5360 5361 5363 5366 5310 5332 5331
		5311 466 5284 5282 5285 5283 5281 5289 5269 5268
		5267 5270 2418 5265 5266 5264 5262 303 5263 5261
		5214 5248 5247 5272 5271 474 8462 8463 470 8460
		2366 5576 2420 5574 5577 5578 1966 5579 8474 8473
		5580 472 8471 8469 8475 471 8461 2367 8465 8466
		5295 5297 5296 5298 5299 5300 464 5301 5423 5398
		5399 5418 5420 5419 5421 5422 5417 8472 465 8467
		5581 2353 8509 8511 8512 2369 8508 8515 8514 5602
		5598 8513 5597 5588 5587 5583 5582 5538 8510 5585
		5537 5539 5573 5260 443 8468 469 2359 8470 8507
		8517 8518 8516 8527 8531 8529 5604 5601 5596 5603
		1076 8530 8532 2357 8533 5635 5632 5606 5607 5605
		5633 5631 5630 5634 5652 5651 5653 5636 5638 5667
		5641 5640 5637 5666 5660 5661 5662 5663 5664 5665
		5659 1071 5683 5684 5681 5658 5655 5657 1068 5668
		5671 5682 5690 5685 14287 5691 5695 5737 1064 5676
		5677 5679 5670 5696 5672 5669 5673 5674 5675 480
		5693 5694 5735 5738 5739 5678 5680 1067 5734 5736
		5741 
	}
}
crimea = { 
	location = 1322
	color = { 
		59 158 125 
	}
	outgoing = { 
		name = "kiev"
		path = { 
			284 282 281 280 
		}
		control = { 
			3126.000000 1773.000000 3157.000000 1783.000000 3171.000000 1796.000000 3183.000000 1799.000000 3179.000000 1816.000000
			3143.000000 1833.000000 
		}
	}
	outgoing = { 
		name = "constantinople"
		path = { 
			1322 1321 1320 
		}
		control = { 
			3108.000000 1715.000000 
		}
	}
	outgoing = { 
		name = "pest"
		path = { 
			4706 4531 4176 4126 153 
		}
		control = { 
			3098.000000 1756.000000 3083.000000 1754.000000 3074.000000 1754.000000 3071.000000 1736.000000 3048.000000 1731.000000
			3033.000000 1724.000000 2997.000000 1730.000000 2978.000000 1742.000000 2961.000000 1744.000000 2954.000000 1752.000000
			2937.000000 1756.000000 2934.000000 1772.000000 
		}
	}
	members = { 
		1323 2195 2196 3061 3249 4529 12968 12990 12987 10536
		10538 12985 12986 12989 12988 10534 10522 10523 10537 10535
		10533 10524 10531 2405 10529 10528 10519 10527 10530 10539
		282 2406 12992 1974 12993 12995 12996 2412 13019 13006
		12970 13007 12971 12969 12991 13005 12994 283 13009 13008
		13018 13020 13011 13021 2411 12959 10518 10517 10520 10526
		10521 10515 10512 10510 10511 10513 10516 10514 12958 10509
		12940 12957 1943 12973 12972 1944 12984 13030 13031 13013
		13012 13015 13016 13017 5324 286 2414 5336 5339 5342
		5341 5338 5335 5337 5340 5334 5326 5325 13010 13024
		13023 13014 2409 13022 2413 288 5327 5328 5329 5344
		5343 5355 5356 5357 5348 2447 13004 285 13001 13000
		12998 12997 12999 284 13003 4540 12956 12965 13029 13025
		5320 5317 5330 5358 5345 463 5346 5351 5347 5378
		5377 5373 5374 5376 5375 1856 462 9703 422 9702
		5384 5380 2416 5359 12961 5312 287 5352 5349 5353
		5350 5354 
	}
}
constantinople = { 
	location = 1320
	color = { 
		126 203 120 
	}
	outgoing = { 
		name = "ragusa"
		path = { 
			149 1765 1766 138 137 
		}
		control = { 
			3080.000000 1681.000000 3039.000000 1696.000000 3016.000000 1698.000000 2995.000000 1710.000000 2972.000000 1721.000000
			2952.000000 1725.000000 2935.000000 1705.000000 
		}
	}
	members = { 
		1320 151 1319 3250 1764 10449 10442 10444 10443 10454
		10452 10451 10464 10448 2750 10441 10450 149 9217 9218
		4531 10461 150 10447 10463 10467 160 10445 1765 10446
		2746 10375 10369 10370 159 10456 10462 10453 10455 10440
		10457 1756 10458 10525 4311 4308 4312 322 9223 1891
		1848 9224 2298 9231 9220 316 317 9221 9219 9225
		10421 326 4313 9233 9232 4314 2300 4307 9234 9235
		2301 329 9230 4315 9238 9239 9240 1846 325 9228
		9229 9227 2299 9226 327 9236 332 2313 14424 323
		324 2302 2305 2303 9242 9241 328 2304 4298 4310
		331 2296 2297 318 4309 319 14418 9222 10420 10468
		2410 13002 10507 321 10504 10505 10506 10508 9243 4303
		330 14408 
	}
}
kiev = { 
	location = 280
	inland = yes
	color = { 
		35 67 234 
	}
	outgoing = { 
		name = "novgorod"
		path = { 
			278 292 275 311 310 
		}
		control = { 
			3120.250000 1880.209961 3111.000000 1895.000000 3114.000000 1925.000000 3107.000000 1955.000000 3119.000000 1995.000000
			3112.000000 2013.000000 
		}
	}
	outgoing = { 
		name = "krakow"
		path = { 
			279 260 262 
		}
		control = { 
			3082.000000 1842.000000 3040.000000 1823.000000 3007.000000 1836.000000 2978.000000 1850.000000 
		}
	}
	members = { 
		4115 
	}
}
kazan = { 
	location = 1082
	inland = yes
	color = { 
		187 118 181 
	}
	outgoing = { 
		name = "novgorod"
		path = { 
			306 307 308 312 310 
		}
		control = { 
			3368.000000 1967.000000 3314.000000 1965.000000 3278.000000 1937.000000 3257.000000 1938.000000 3210.000000 1964.000000
			3167.000000 2005.000000 3132.000000 2018.000000 
		}
	}
	members = { 
		1083 4974 5456 5457 5458 5472 5473 5474 5487 5461
		5460 5454 5459 5475 5486 5469 5468 5476 5479 5478
		2422 5465 5464 5471 5197 5480 5477 5470 5467 5466
		1082 5200 5198 5194 5224 5203 5210 5199 5195 5193
		5225 2421 5503 4267 5234 5209 5211 4265 5205 5204
		5207 5504 5202 5208 5212 4264 5201 1972 5481 5196
		5206 5484 5488 5490 5492 5496 5485 5491 5499 5497
		5500 5498 4968 4970 5501 4901 4969 4900 5483 5510
		4266 5509 5521 5505 5553 5556 5237 5213 5552 5233
		5566 5567 5235 5462 5463 5220 5218 5447 5435 5448
		5446 5554 5571 5541 5543 5540 5544 5575 5550 5560
		475 5564 5555 5549 5506 5518 5558 5527 5526 5520
		5528 305 5523 5522 5525 5534 5494 5495 5513 5512
		5515 5519 5532 5535 5249 5251 2423 5436 5444 5449
		5455 4972 4971 1079 4908 4909 4256 5502 4914 4916
		4917 4129 4922 4923 5514 1963 5533 5531 5625 5530
		5529 1077 4921 1964 4918 5536 4915 5493 5489 5482
		5508 5507 5511 5516 1962 5524 5517 5557 5561 5562
		5565 5593 5590 5586 5584 5542 5545 2441 2444 5563
		5594 1888 2427 1080 5626 5622 5609 5592 5611 5621
		5624 5620 5614 5615 5623 5613 1078 5591 5617 5628
		5627 5647 5599 5619 5618 5616 5589 5595 5600 1075
		5629 5639 1074 5645 5644 5646 5612 5610 5608 5559
		5551 5546 5547 5548 5236 5221 5433 5434 5219 1081
		5223 5226 5232 473 5228 5229 5227 5215 2419 5230
		1965 5231 5217 5250 5222 5216 5568 5569 5572 5570
	}
}
novgorod = { 
	location = 33
	color = { 
		97 126 37 
	}
	outgoing = { 
		name = "baltic_sea"
		path = { 
			34 36 1926 
		}
		control = { 
			3088.000000 2042.000000 2989.000000 2028.000000 
		}
	}
	outgoing = { 
		name = "white_sea"
		path = { 
			1261 309 1652 
		}
		control = { 
			3143.000000 2037.000000 3173.000000 2052.000000 3208.000000 2056.000000 3223.000000 2092.000000 3224.000000 2124.000000
			3203.000000 2141.000000 3216.000000 2159.000000 
		}
	}
	members = { 
		4251 5030 5031 5099 12978 12979 4543 5103 5096 296
		5092 5060 5122 289 12975 1945 5116 5094 5054 12907
		5119 5058 5123 12976 5120 5093 5061 12899 5118 5095
		12908 297 5098 5113 4244 5114 5097 5117 12909 5121
		5115 2407 12967 12977 12980 4542 5176 5179 5178 5181
		5177 5104 5111 4116 5100 292 12897 12896 5059 12898
		12895 12893 12900 12905 12902 4544 12904 12906 5063 4249
		5050 4993 5048 5042 5040 4998 5047 5051 5082 5084
		5105 5191 5190 5189 5171 5139 5137 5081 5108 5174
		5188 5173 5107 5138 5106 5192 5170 5172 13028 291
		13032 12981 5180 298 5175 5110 5112 5083 5102 5109
		5086 5101 5085 300 5088 5087 5077 5033 5045 5090
		5032 5034 295 5091 5044 5041 5038 5049 5043 5039
		5046 4999 4248 4117 5001 4994 5005 5004 290 12983
		12982 12974 12966 5140 5185 5186 5187 5183 5165 5166
		5164 13033 13027 5184 5162 5163 5161 13026 5160 5315
		5159 5313 5158 5148 5142 5169 5156 5157 299 5167
		5182 5168 5141 2408 5146 5145 5136 5068 5147 5149
		5152 5150 5155 5151 302 5144 5143 5075 5073 5069
		5076 5067 5066 4255 301 5065 5079 5078 5026 5028
		5025 5080 4252 5036 5018 5008 5029 5023 5070 5009
		4979 1753 4147 4980 4250 5000 314 4894 4895 4902
		312 4887 4886 1958 4903 4896 4259 4262 1957 4977
		4899 4905 4897 4898 4911 4906 4122 1755 4910 4975
		5016 5013 5017 4973 4976 5442 5452 5022 1778 5014
		5024 5438 5439 5450 5072 5239 5451 5425 5426 5424
		5440 5153 5242 5241 5254 5255 2415 5243 467 5275
		5274 5273 5314 5277 5316 5278 5437 1754 5015 4254
		5027 5453 5443 306 5445 5427 5428 5244 1971 5319
		5323 468 5321 5322 5318 4930 4888 4932 2749 1961
		4963 4964 4965 4966 4996 4260 4991 4959 4987 4961
		4958 4243 4960 4957 4956 4955 4931 4881 309 4879
		4253 4988 5064 4989 4992 1959 4995 4997 5003 4967
		4261 5006 4889 4890 4891 4893 4892 4986 4984 4983
		4981 4982 4985 4978 4263 308 5007 5071 5074 5154
		5238 5240 5430 5441 5431 5253 5245 304 5252 5432
		5429 5056 5002 294 1752 4990 5055 5057 293 5062
		4246 5052 4245 5053 5089 5035 1956 5011 5010 307
		5020 5021 5012 5019 5037 5246 5258 5257 5256 5276
		5279 5280 5259 
	}
}
bolivia = { 
	location = 2941
	color = { 
		88 116 30 
	}
	outgoing = { 
		name = "peru"
		path = { 
			1535 1534 1533 1532 1531 
		}
		control = { 
			1583.000000 735.000000 1537.000000 777.000000 1491.000000 794.000000 1474.000000 818.000000 1454.000000 825.000000
			1438.000000 839.000000 
		}
	}
	outgoing = { 
		name = "laplata"
		path = { 
			778 2861 2845 792 1542 1543 1544 
		}
		control = { 
			1608.000000 677.000000 1642.000000 667.000000 1677.000000 629.000000 1725.000000 604.000000 1714.000000 570.000000
			1684.000000 479.000000 1730.000000 447.000000 
		}
	}
	members = { 
		791 792 2841 794 2940 796 2941 2942 800 801
		802 803 804 2947 2833 2832 2834 2882 2835 2838
		795 2946 797 2831 793 2840 2842 2836 2837 
	}
}
patagonia = { 
	location = 1538
	color = { 
		199 89 44 
	}
	outgoing = { 
		name = "peru"
		path = { 
			1535 1534 1533 1532 1531 
		}
		control = { 
			1650.000000 77.000000 1570.670044 32.840000 1439.000000 153.000000 1492.000000 623.000000 
		}
	}
	outgoing = { 
		name = "laplata"
		path = { 
			778 2861 2845 792 1542 1543 1544 
		}
		control = { 
			1658.000000 286.000000 1739.000000 373.000000 
		}
	}
	members = { 
		2870 2869 782 783 784 785 787 1095 1538 2025
		2862 2873 2874 781 780 2875 2871 2868 786 2863
		2867 2872 2876 2839 
	}
}
laplata = { 
	location = 1536
	color = { 
		164 178 182 
	}
	outgoing = { 
		name = "brazil"
		path = { 
			1535 1534 1533 1532 1531 
		}
		control = { 
			1851.000000 479.000000 1925.000000 604.000000 2009.000000 645.000000 2065.000000 781.000000 
		}
	}
	members = { 
		2884 2857 772 773 775 2848 778 779 2865 2845
		2861 790 799 1536 2877 2847 2866 2860 2849 2846
		2844 2843 2878 2854 777 2853 2855 2851 2850 2852
		2858 2859 776 2883 2879 2887 
	}
}
peru = { 
	location = 1545
	color = { 
		19 118 144 
	}
	outgoing = { 
		name = "panama"
		path = { 
			1545 1546 1547 1548 835 
		}
		control = { 
			1353.000000 930.000000 1388.000000 1089.000000 
		}
	}
	members = { 
		805 806 807 808 809 810 811 812 813 814
		2945 816 817 818 819 820 821 2002 815 3035
		2820 2821 2822 2824 2943 2823 2825 2827 2826 2944
		2830 2829 2828 1544 1545 
	}
}
amazonas_node = { 
	location = 2934
	color = { 
		60 170 43 
	}
	outgoing = { 
		name = "brazil"
		path = { 
			1584 1469 1470 
		}
		control = { 
			1743.000000 961.000000 1765.000000 972.000000 1785.000000 966.000000 1815.000000 979.000000 1874.000000 1016.000000
			1986.000000 987.000000 2101.000000 916.000000 
		}
	}
	outgoing = { 
		name = "carribean_trade"
		path = { 
			1584 1469 1470 
		}
		control = { 
			1689.000000 958.000000 1665.000000 985.000000 1671.000000 1022.000000 1682.000000 1057.000000 1641.000000 1075.000000
			1622.000000 1129.000000 1585.000000 1133.000000 1595.000000 1176.000000 1562.000000 1213.000000 1462.000000 1269.000000
		}
	}
	members = { 
		2804 743 744 2937 746 747 748 749 2926 2888
		822 2812 834 1802 1803 3034 2811 2928 2889 2910
		2900 2934 2930 2814 2815 2816 2903 2902 2901 2904
		2905 2909 2911 2923 2924 2927 2929 2890 2938 2935
		2936 2933 3077 3078 3079 745 2931 2803 742 2810
		2813 4605 4608 4613 4614 4617 
	}
}
brazil = { 
	location = 1531
	color = { 
		148 135 39 
	}
	outgoing = { 
		name = "ivory_coast"
		path = { 
			1584 1469 1470 
		}
		control = { 
			2218.000000 887.000000 2534.000000 992.000000 
		}
	}
	members = { 
		751 752 753 755 2921 756 757 758 759 760
		761 762 763 764 765 766 2906 768 769 2920
		2895 2896 2897 2893 2881 2907 2919 2892 2894 2899
		2898 2916 2917 2918 2891 2908 2925 2885 2914 2913
		2912 2915 750 2922 754 2886 1531 
	}
}
ivory_coast = { 
	location = 1466
	color = { 
		24 122 203 
	}
	outgoing = { 
		name = "carribean_trade"
		path = { 
			1467 1468 1579 1577 1576 1522 1520 1519 1517 1516
		}
		control = { 
			2423.000000 1004.000000 2012.000000 1029.000000 1732.000000 1178.000000 1650.000000 1193.000000 1480.000000 1271.000000
		}
	}
	outgoing = { 
		name = "bordeaux"
		path = { 
			1467 1468 1470 1471 1566 1563 
		}
		control = { 
			2467.000000 1072.000000 2335.000000 1227.000000 2354.000000 1537.000000 2466.000000 1714.000000 
		}
	}
	outgoing = { 
		name = "english_channel"
		path = { 
			1467 1468 1470 1471 1566 1563 
		}
		control = { 
			2464.000000 1054.000000 2315.000000 1241.000000 2365.000000 1639.000000 2485.000000 1799.000000 2635.000000 1846.000000
		}
	}
	outgoing = { 
		name = "sevilla"
		path = { 
			1467 1468 1470 1471 1566 1563 
		}
		control = { 
			2482.659912 1079.880005 2390.000000 1159.000000 2350.000000 1238.000000 2368.000000 1376.000000 2445.000000 1475.000000
			2475.000000 1537.000000 
		}
	}
	members = { 
		1113 3006 3007 3021 3059 2290 3118 3237 3270 3271
		3272 
	}
}
tunis = { 
	location = 341
	color = { 
		146 134 57 
	}
	outgoing = { 
		name = "sevilla"
		path = { 
			340 339 1301 1294 1293 
		}
		control = { 
			2776.000000 1618.000000 2677.000000 1612.000000 2608.000000 1590.000000 2558.000000 1589.000000 
		}
	}
	outgoing = { 
		name = "valencia"
		path = { 
			2455 1302 1301 1295 
		}
		control = { 
			2781.000000 1624.000000 2693.000000 1634.000000 2667.000000 1645.000000 
		}
	}
	outgoing = { 
		name = "genua"
		path = { 
			1302 1300 1297 
		}
		control = { 
			2797.000000 1627.000000 2758.000000 1641.000000 2764.000000 1698.000000 
		}
	}
	members = { 
		341 1882 353 354 355 356 2471 357 2326 2456
		2455 2453 2452 2449 2451 3072 3073 2474 2954 4567
		2458 8386 350 8390 8394 2472 8401 8435 8403 8396
		8431 2457 8395 8391 8393 8400 9101 8388 8389 8402
		8398 8399 8392 8385 8387 8380 351 8384 8383 340
		8378 8377 8375 339 8376 8374 8373 8381 8382 8379
		2454 9102 9094 4566 9103 9100 2473 9099 9097 9095
		9096 9098 352 9106 9107 9105 2450 9543 9544 9545
		9104 9540 9542 9093 9541 8397 1794 2448 8434 8432
		8427 10606 10605 14263 9546 9548 9547 
	}
}
ragusa = { 
	location = 137
	color = { 
		169 37 167 
	}
	outgoing = { 
		name = "pest"
		path = { 
			137 3002 4239 4173 3147 153 
		}
		control = { 
			2925.000000 1723.000000 2916.000000 1735.000000 2920.000000 1748.000000 2928.000000 1764.000000 2930.000000 1777.000000
		}
	}
	outgoing = { 
		name = "venice"
		path = { 
			136 1308 
		}
		control = { 
			2882.000000 1708.000000 
		}
	}
	outgoing = { 
		name = "genua"
		path = { 
			1310 1311 1307 1304 1303 1298 1297 
		}
		control = { 
			2924.000000 1686.000000 2935.000000 1653.000000 2898.000000 1616.000000 2880.000000 1620.000000 2879.000000 1647.000000
			2818.000000 1692.000000 2786.000000 1724.000000 
		}
	}
	members = { 
		4176 14407 1827 10376 1766 10388 10387 10386 10411 3000
		10374 3001 10385 10373 10372 10379 10392 10382 10380 10378
		10383 10377 10393 10343 138 14324 10391 10381 10365 10352
		10351 10342 10353 10350 10366 10341 10348 10354 10349 10347
		10355 10357 10356 137 10346 1831 10340 3002 139 10337
		10335 10334 1828 140 10321 1826 10322 10333 10331 10328
		10329 10323 10330 1767 10338 10360 10332 10363 10364 10371
		10345 10336 10339 10414 10384 10412 148 10409 10410 10413
		10408 1853 10396 10395 10397 14323 14322 10394 10389 10390
		10398 10405 10422 10401 10424 10423 10430 10426 10425 10428
		10427 1773 10429 145 14426 14425 10403 10404 10402 147
		144 10400 143 142 4175 4174 136 10362 1954 4239
		141 10367 10368 10436 10416 10435 10417 10415 14401 14419
		14417 14410 14402 14404 14411 14412 14423 14400 14409 14415
		164 3003 10407 10406 163 14427 14406 320 14416 2348
		10434 10419 10418 10432 10431 10433 10437 10327 14413 10439
		10438 14414 146 14405 14403 10399 
	}
}
pest = { 
	location = 153
	inland = yes
	color = { 
		172 95 81 
	}
	outgoing = { 
		name = "wien"
		path = { 
			153 4240 1772 134 
		}
		control = { 
			2932.000000 1797.000000 2914.000000 1798.000000 2904.000000 1805.000000 2894.000000 1806.000000 
		}
	}
	outgoing = { 
		name = "krakow"
		path = { 
			153 1318 2960 262 
		}
		control = { 
			2938.000000 1805.000000 2952.000000 1819.000000 2959.000000 1832.000000 2949.000000 1843.000000 
		}
	}
	members = { 
		152 3147 4532 157 10482 158 1951 4128 10474 4127
		10475 156 10476 10469 10477 10483 10466 161 10470 10471
		10459 10465 2998 10460 155 10485 10487 10486 4125 153
		1953 12938 162 4126 10484 10358 10359 4240 10490 10488
		154 135 10494 1325 1864 10491 10495 11286 11288 11291
		10493 10492 1772 11289 11292 10318 11281 11282 11296 11290
		11280 11279 11283 134 11287 10489 1318 10496 4236 10498
		10499 265 12937 10497 12939 10479 10480 12936 1952 10478
		10481 12935 12946 12947 12943 12942 12944 12945 261 268
		10472 10473 12941 14325 10361 4173 4530 2960 12606 12605
		12568 12566 10326 
	}
}
safi = { 
	location = 345
	color = { 
		179 124 145 
	}
	outgoing = { 
		name = "sevilla"
		path = { 
			2469 1293 
		}
		control = { 
			2491.000000 1537.000000 2522.000000 1561.000000 
		}
	}
	members = { 
		335 336 337 338 2469 343 344 345 346 347
		348 349 1110 1111 1127 1793 2465 3025 3029 3030
		3031 3259 4569 2470 342 2467 2468 2464 2460 2463
		2462 2461 2459 3236 4562 4564 4568 4167 2466 3251
		3252 3253 4848 4853 4854 4855 4849 4851 4850 8362
		8363 8364 4847 4852 4846 8411 8409 8406 8414 8404
		8413 8408 8405 8365 8366 8367 8368 8369 8370 8371
		4845 4844 4841 4168 8416 8415 8407 8410 8412 8425
		8421 8426 4842 4169 4843 11412 11377 11409 8422 8372
		8424 8420 8418 8423 8417 8429 14269 14270 11411 11410
		11406 11404 11384 11407 11379 11408 1112 11378 11405 14430
	}
}
krakow = { 
	location = 262
	inland = yes
	color = { 
		43 34 56 
	}
	outgoing = { 
		name = "wien"
		path = { 
			154 1772 134 
		}
		control = { 
			2922.000000 1844.000000 2914.000000 1830.000000 2896.000000 1819.000000 
		}
	}
	outgoing = { 
		name = "saxony"
		path = { 
			263 264 1763 
		}
		control = { 
			2921.000000 1853.000000 2895.000000 1868.000000 2869.000000 1866.000000 
		}
	}
	outgoing = { 
		name = "baltic_sea"
		path = { 
			258 255 1859 43 1927 1926 
		}
		control = { 
			2966.000000 1877.000000 2944.000000 1888.000000 2918.000000 1900.000000 2926.000000 1913.000000 2934.000000 1933.000000
			2954.000000 1969.000000 
		}
	}
	members = { 
		4527 12601 12597 12598 12599 12600 12612 259 12627 12602
		262 12604 12626 12610 12613 12616 12619 12614 12615 12617
		12618 1940 4538 12950 2961 12931 279 12929 12623 12622
		12620 12624 277 12879 12635 12621 12657 12643 12656 12655
		12640 12639 12631 12641 12642 12637 12636 256 12638 12592
		1859 4523 12589 4524 12591 12588 2963 12590 12569 12570
		12571 12572 12531 12525 12526 12528 12645 12587 4528 1939
		258 12630 12633 257 12586 12580 12578 12547 12551 12579
		4533 12581 12550 12554 12560 12557 12556 12552 12553 12555
		12561 12558 263 12559 12562 12563 12603 12564 12565 12584
		12583 255 12577 12582 12585 4525 12634 12632 12625 12629
		12628 260 12930 12932 12934 2962 12933 4539 12954 12960
		278 12881 12880 269 12654 1938 12651 767 12647 42
		2958 2959 12611 12607 12608 12576 12575 12546 264 12548
		12574 4526 254 12573 12540 12882 12888 12885 12653 12648
		4247 12891 12892 12962 12963 1942 12964 12884 12951 12952
		12953 12955 281 12949 2424 4541 12948 12609 12887 1937
		12652 12650 12649 12886 12646 12644 1841 2997 12593 43
		12596 5125 5126 5129 5124 41 5128 5127 5130 5131
		5132 12567 280 
	}
}
wien = { 
	location = 134
	inland = yes
	color = { 
		220 220 220 
	}
	outgoing = { 
		name = "venice"
		path = { 
			132 128 1769 1308 
		}
		control = { 
			2864.000000 1792.000000 2856.000000 1770.000000 2839.000000 1764.000000 
		}
	}
	outgoing = { 
		name = "rheinland"
		path = { 
			133 2957 1757 67 66 79 1876 
		}
		control = { 
			2864.000000 1806.000000 2828.000000 1821.000000 2804.000000 1819.000000 2775.000000 1838.000000 
		}
	}
	outgoing = { 
		name = "saxony"
		path = { 
			1770 267 266 1771 61 59 
		}
		control = { 
			2870.000000 1826.000000 2867.000000 1842.000000 2856.000000 1852.000000 2856.000000 1858.000000 
		}
	}
	members = { 
	}
}
saxony = { 
	location = 59
	inland = yes
	color = { 
		228 46 218 
	}
	outgoing = { 
		name = "rheinland"
		path = { 
			62 63 79 81 1876 
		}
		control = { 
			2813.000000 1860.000000 2788.000000 1859.000000 
		}
	}
	outgoing = { 
		name = "lubeck"
		path = { 
			58 2964 51 2996 45 
		}
		control = { 
			2817.000000 1882.000000 2825.000000 1896.000000 2808.000000 1906.000000 
		}
	}
	members = { 
		266 12533 1763 60 61 10502 1771 12414 12413 12412
		2967 12404 12405 12403 59 62 12406 12522 51 1759
		52 12402 2993 12401 14331 12532 2969 12536 12537 12539
		12535 2966 12544 12542 12534 2970 12538 12545 10500 10501
		4238 49 12523 50 58 2964 12424 12407 53 54
		12423 12422 1758 57 12419 12418 12408 12416 12417 12409
		12410 12420 12426 12421 2971 12415 12455 12456 12411 63
		12448 12449 12450 2965 1258 12543 12541 12549 4237 
	}
}
baltic_sea = { 
	location = 1926
	color = { 
		8 82 165 
	}
	outgoing = { 
		name = "lubeck"
		path = { 
			1255 1257 1925 45 
		}
		control = { 
			2932.000000 1971.000000 2879.000000 1934.000000 2843.000000 1935.000000 
		}
	}
	members = { 
		1 29 35 38 1930 36 1842 3100 3 9615
		9617 9614 9613 9621 9622 2 25 9651 9653 9655
		9652 9654 9620 9627 1985 9624 9649 9650 9648 9647
		9646 9662 9666 9661 9663 4 9660 9659 9658 9657
		9656 9 9665 9639 9638 9664 9676 9677 9675 9685
		11 18 9687 9686 9693 9688 8453 4123 27 12705
		12702 12701 12700 12704 12676 12674 5134 5133 5135 12666
		270 12669 12671 12668 4534 12667 1936 12659 272 12660
		12670 12662 12663 12665 12664 271 12673 12672 12677 12678
		12675 12679 40 39 12680 12681 12684 12682 12685 1935
		12686 12687 4241 12689 12688 1260 37 12695 12691 12692
		273 12694 12683 4535 12661 770 12890 12917 12916 12918
		12658 12889 12919 275 12915 4949 4948 4946 12690 12696
		12703 14292 1834 12698 12699 4940 30 32 4933 4939
		33 34 8457 8456 28 8454 8455 8452 31 8450
		8451 1883 8439 8438 8436 8437 9694 4113 19 9695
		4114 8449 12697 12924 12923 12920 12921 276 4537 4536
		12903 12927 12914 12912 4951 4950 4941 4953 4943 1960
		4947 4944 4942 274 4954 311 4938 4952 310 4936
		4937 4934 4962 4935 4148 4945 12910 771 12911 4884
		4885 12901 4545 12928 1941 12894 12922 12883 12925 12926
		4242 12913 12693 9616 9673 9683 9682 9689 9690 9691
		9692 9697 1886 9696 9698 9699 9701 9700 9681 9680
		9667 9679 9684 10 9668 9671 9672 9674 9678 
	}
}
rheinland = { 
	location = 1876
	inland = yes
	color = { 
		114 171 184 
	}
	outgoing = { 
		name = "champagne"
		path = { 
			83 1760 80 188 187 186 
		}
		control = { 
			2750.000000 1843.000000 2726.000000 1825.000000 
		}
	}
	outgoing = { 
		name = "lubeck"
		path = { 
			1762 57 53 1857 45 
		}
		control = { 
			2776.000000 1874.000000 2796.000000 1892.000000 
		}
	}
	members = { 
		1878 12484 12441 12464 1876 12492 12483 12482 12481 12509
		1868 12514 65 12515 12493 12494 12496 12495 1872 12491
		79 70 74 12488 72 12480 12478 12489 11335 12487
		12479 12486 12463 12472 75 1880 12513 11266 11267 11265
		68 12511 1890 1870 11337 11263 12510 12490 11336 1869
		12512 1873 12343 12345 14328 11340 12346 11338 11341 4160
		166 11339 11333 11330 11334 11332 12462 77 12474 12485
		12461 78 12470 12471 12473 12469 12466 12476 12477 12467
		80 12475 81 12460 1761 12458 12459 12435 12447 12468
		85 12444 83 1760 12465 12434 2972 12442 12433 86
		12436 84 12443 56 12437 12445 12446 12439 69 1762
		12457 82 12440 12432 55 12431 2973 10021 10014 2975
		12427 12438 12428 12429 12430 12425 12454 12452 12451 12453
		66 12500 67 12516 64 12508 1757 71 2955 2957
		12503 12497 12502 12499 12498 2956 12518 11270 12507 12517
		4159 11268 76 73 11276 11275 11271 11295 11274 133
		11285 11272 12506 2968 267 12505 12504 12501 10503 11277
		11278 11284 1770 11273 
	}
}
panama = { 
	location = 835
	color = { 
		65 221 29 
	}
	outgoing = { 
		name = "carribean_trade"
		path = { 
			1515 1517 1516 
		}
		control = { 
			1424.000000 1203.000000 1442.000000 1272.000000 
		}
	}
	members = { 
		823 824 825 826 827 828 829 832 835 836
		837 838 839 840 841 842 843 2663 2660 2661
		2640 2662 2637 2653 2636 2664 2806 2819 2817 2818
		4587 4589 4592 4593 4594 4595 4596 4597 4599 4600
		4601 4602 4603 4604 4607 
	}
}
carribean_trade = { 
	location = 1516
	color = { 
		236 221 78 
	}
	outgoing = { 
		name = "chesapeake_bay"
		path = { 
			1524 1503 1502 1501 1500 
		}
		control = { 
			1494.000000 1332.000000 1529.000000 1353.000000 1467.000000 1497.000000 
		}
	}
	outgoing = { 
		name = "bordeaux"
		path = { 
			488 490 1526 1575 1583 1580 1567 1563 
		}
		control = { 
			1507.000000 1329.000000 1673.000000 1348.000000 2189.000000 1612.000000 2468.000000 1738.000000 
		}
	}
	outgoing = { 
		name = "sevilla"
		path = { 
			488 490 1526 1575 1583 1580 1567 1563 
		}
		control = { 
			1477.000000 1283.000000 1558.000000 1280.000000 1602.000000 1311.000000 1848.000000 1360.000000 2341.000000 1502.000000
			2457.000000 1560.000000 
		}
	}
	members = { 
		484 492 830 831 3057 2807 4609 4610 4611 4615
		3254 3255 486 10704 10762 10770 10774 2655 10768 10797
		2654 488 10802 10799 10808 483 10798 10804 10818 4619
		10806 2659 10801 4618 10809 10820 10813 10812 10811 10815
		10816 10807 2658 10814 10803 10810 489 10819 10825 4620
		10817 10823 10826 10805 10824 10827 10828 10821 10822 490
		4621 10906 10908 10907 10903 10905 10909 10904 10899 10911
		10910 10901 10902 10898 10829 10912 10915 10914 10900 496
		497 498 499 10999 11000 495 494 10998 1881 10917
		493 10918 10761 10760 10759 10746 10745 482 10742 10741
		10736 10737 10740 10738 10739 10758 10754 10743 10744 10705
		10700 2656 4624 4622 10698 10699 4623 10701 10702 485
		10703 10800 10767 10772 10771 487 10769 10773 10766 10764
		10765 8306 491 8350 4616 741 8345 2805 8348 8344
		8338 8343 8349 8346 8341 2939 8340 8327 8332 8333
		8326 8325 8321 2809 8322 8323 8312 8318 4612 8316
		8317 8311 8309 8305 8310 2808 8304 8307 8308 8303
		8301 8302 11005 11006 11002 11004 502 501 11001 500
		10997 10996 10995 9083 1515 2536 6873 6874 6870 6871
		6875 1658 6867 6872 2535 6876 6877 6878 926 6879
		4625 6866 6862 6868 6864 6865 6861 4626 6860 6859
		6863 6869 10749 10750 10755 10752 10756 10753 10748 10751
		927 6849 6852 6853 2534 2539 6756 6847 6851 6850
		6757 6758 6759 6855 6854 6857 6848 6755 6856 6858
		6844 6845 6846 6840 6836 6838 6842 6748 6747 928
		6754 6839 6837 6843 2533 6841 
	}
}
chesapeake_bay = { 
	location = 1500
	color = { 
		193 26 14 
	}
	outgoing = { 
		name = "st_lawrence"
		path = { 
			965 963 969 4705 986 1490 
		}
		control = { 
			1578.000000 1693.000000 1713.000000 1766.000000 1648.000000 1817.000000 
		}
	}
	outgoing = { 
		name = "english_channel"
		path = { 
			1570 1572 1582 1568 1564 1563 
		}
		control = { 
			1684.000000 1631.000000 2204.000000 1780.000000 2544.000000 1833.000000 2637.000000 1852.000000 
		}
	}
	members = { 
		4871 4873 4874 4877 4878 4880 6133 6164 6556 6559
		6562 6159 6131 6166 6560 6570 6182 6170 6555 6553
		6157 6072 6089 6185 949 6158 6162 6572 6165 6171
		6156 6130 6071 6167 6573 6132 6114 6161 6571 6575
		6148 6119 953 6113 6138 937 952 6135 6134 6576
		6568 6582 6145 6142 6577 6149 6583 6578 6569 6144
		6579 6580 6151 6588 6587 6589 6122 2554 2550 6112
		6076 6073 6083 6086 6084 6088 6110 6087 6091 6085
		2556 6186 6169 6168 6139 6141 6574 6155 6561 6564
		6563 6565 6637 6632 6638 6634 6629 6625 6626 932
		6636 2545 6631 6630 2543 6567 6566 6633 6585 2546
		6586 6124 6123 6107 6069 6143 6116 6078 6080 6079
		6051 6022 6052 6053 6058 6050 6024 6049 6056 965
		6055 962 2639 6023 6054 6057 2558 6025 6026 6013
		6012 2560 6027 2010 966 5998 6011 6008 5999 6009
		6006 968 967 5981 970 6001 5980 5997 5979 969
		5996 6020 5995 2563 6019 6018 5993 5988 6017 6030
		6021 6029 963 1904 964 6028 6034 6082 6090 6039
		2557 6032 6093 6047 6094 6042 6105 6048 6046 987
		954 6106 6103 6104 6092 6077 6081 6075 2023 6000
		6016 5990 5992 5984 4764 993 4763 2012 6099 6100
		6202 6205 6096 6101 2555 6208 6204 6098 6095 6102
		6097 6199 6203 2551 6209 6200 6201 6552 6549 6615
		6608 6627 6618 6557 6622 6623 6616 6558 6619 933
		6621 6628 6620 6614 6780 6769 6624 6617 6609 6635
		6010 6002 2561 6007 5982 6551 6547 6548 6173 6606
		6605 6612 2548 6545 6610 6603 6601 6546 6544 6600
		6782 6779 6550 6542 6611 6607 2544 6613 6770 6773
		6604 6602 6541 2541 6540 6599 6172 6174 6187 6198
		6190 6175 6694 6189 6197 6188 6695 6538 936 6778
		6730 6733 6734 6777 6736 6737 6772 6771 6763 6764
		6762 6738 6739 6740 6767 6768 6761 6765 6766 6760
		6735 6742 6750 6752 6753 6751 929 2542 6004 6693
		6537 2540 6776 6701 6710 6717 6718 6774 6783 6598
		6700 6709 6720 6724 6719 6781 6784 6713 6727 6744
		6726 2538 6729 6725 6775 6721 6743 6731 6722 6728
		6741 6723 6732 6714 930 6715 6716 931 6706 6708
		6711 6712 6705 6785 6704 6543 6692 6536 6687 6177
		6685 6535 6686 6178 6691 6699 6689 6683 935 6539
		6690 6296 6176 951 6191 6192 6196 6195 6314 6193
		6315 6681 6698 6684 6703 6826 6824 6707 6697 2527
		6702 6682 6822 6696 6678 6680 6664 6669 6688 6293
		6668 6677 6789 6287 6288 6284 6663 6666 6667 6660
		6665 6285 6679 6295 6294 6799 6823 6800 6812 924
		6827 6825 6829 6833 6831 6828 6830 6832 925 2537
		6834 6745 6746 6749 6815 6814 6816 6811 6818 6820
		6801 6821 6798 6788 6796 2531 6675 6797 6676 6674
		6673 6659 6291 6311 6292 6310 6312 6194 6309 6040
		6041 6037 959 6044 6045 6043 6038 958 6035 960
		961 6033 6031 6036 6074 6179 2011 6160 6111 955
		6068 6067 956 6066 6059 6060 6063 6070 2553 6180
		6183 2552 6184 6206 6207 6109 6181 6163 2549 6154
		6140 6150 2547 6594 6590 6597 950 6584 6595 6596
		6593 6581 481 6313 6672 6787 6653 6656 6652 934
		6661 6658 6662 2562 5983 14386 2564 5994 5991 1903
		6014 2559 6015 5985 5989 5986 5987 5978 5970 5976
		5977 6003 6005 6554 6064 6108 6136 6120 6126 6125
		6137 6146 6147 6127 6128 6152 6153 6129 6062 957
		6061 6121 6117 6065 6115 6118 6591 938 6592 
	}
}
james_bay = { 
	location = 1486
	color = { 
		188 134 219 
	}
	outgoing = { 
		name = "st_lawrence"
		path = { 
			1000 1002 992 993 990 994 1490 
		}
		control = { 
			1390.000000 1877.000000 1421.000000 1842.000000 1398.000000 1790.000000 1439.000000 1756.000000 1475.000000 1758.000000
			1499.000000 1775.000000 1531.000000 1788.000000 1567.000000 1822.000000 
		}
	}
	members = { 
		3042 3043 3099 3108 3109 3110 3111 3262 2603 2604
		2606 4666 1814 4665 14309 975 974 4667 4668 2607
		2605 4661 4657 4658 4660 2003 2602 4662 2610 4663
		4655 4652 4653 4651 972 7614 973 4664 4656 4654
		2609 2022 976 7922 7921 7923 7927 2613 7926 14308
		4670 7936 978 2612 14307 7928 7929 1810 7939 7940
		7937 7942 7941 7938 2611 977 7924 4698 4697 4699
		2601 4680 2004 4671 4676 4682 7610 7935 7934 7933
		7930 7931 7932 
	}
}
st_lawrence = { 
	location = 1490
	color = { 
		193 192 14 
	}
	outgoing = { 
		name = "north_sea"
		path = { 
			1493 1496 1497 1498 1478 1476 1282 1975 
		}
		control = { 
			1676.000000 1820.000000 1777.000000 1882.000000 1961.000000 1923.000000 2369.689941 2001.680054 2583.000000 2035.000000
		}
	}
	outgoing = { 
		name = "bordeaux"
		path = { 
			1491 1494 1495 1565 1564 1479 1563 
		}
		control = { 
			1675.000000 1807.000000 1791.000000 1769.000000 2134.000000 1742.000000 2483.000000 1764.000000 
		}
	}
	members = { 
		1484 1493 1804 1105 1104 9549 9550 1807 999 4775
		2579 1805 14385 997 1905 2577 4770 2576 995 4759
		4760 1000 1002 2580 2589 4729 4754 1917 4728 991
		4757 1907 989 4738 4771 2581 2671 4737 4767 994
		992 988 4742 4755 2585 14355 1661 4736 4741 2586
		4747 4748 4744 4743 4734 4746 2670 4745 4735 1659
		4740 4739 4733 4756 4758 4768 990 4769 1490 2582
		4772 2583 4762 2567 2572 2571 4765 4776 5967 5969
		971 4779 4777 2566 2570 5968 4786 4782 4783 4780
		985 4784 4785 984 4802 4791 4794 4787 4790 4797
		4796 2569 4788 4789 4795 2568 983 4801 4781 4778
		4774 986 4773 2578 4799 4800 4808 982 4798 4807
		4804 981 4803 4805 2573 980 4809 4806 996 2574
		2575 4753 4752 4730 2588 1001 4732 2590 1003 4727
		4731 4724 1004 1806 4725 2015 4723 2592 1006 1811
		4719 4716 4717 998 4793 4792 5971 5972 4766 2565
		2584 4726 1007 2591 14306 4722 1908 2594 1005 4178
		1009 1665 4714 4713 1008 4706 4705 4709 4702 4703
		4710 4704 4707 4708 1010 1011 4715 4711 4712 4718
		4179 4761 2013 5974 5973 5975 2595 1813 4690 2596
		2597 4686 4685 4687 2005 4689 4691 4692 4695 4693
		2598 14311 4684 4694 4681 4679 1915 4696 2599 4678
		4674 4673 4672 2600 4683 2018 2017 4677 4675 14310
		4701 1914 1812 4700 1923 4146 4688 4721 2593 4720
		1486 2587 
	}
}
white_sea = { 
	location = 1652
	color = { 
		210 46 28 
	}
	outgoing = { 
		name = "north_sea"
		path = { 
			1263 1264 1265 1929 1266 1975 
		}
		control = { 
			3288.000000 2211.000000 3122.000000 2288.000000 2937.000000 2284.000000 2811.000000 2205.000000 2686.000000 2081.000000
		}
	}
	members = { 
		1652 315 1072 4257 313 1776 4876 4124 1884 14291
		4875 4152 8446 8445 8444 8447 1777 14342 4872 9216
		8448 9214 9213 4156 5650 9964 4882 4883 4258 1955
		4869 4870 4865 4868 4867 4864 4866 4151 8442 8441
		8440 8443 9209 9212 4912 4913 4925 4926 4927 1780
		4929 1073 4928 5642 5643 4924 4920 4919 4904 4907
		2425 2426 2445 9215 
	}
}
north_sea = { 
	location = 1975
	color = { 
		117 165 188 
	}
	outgoing = { 
		name = "english_channel"
		path = { 
			1270 236 
		}
		control = { 
			2671.000000 1913.000000 
		}
	}
	outgoing = { 
		name = "lubeck"
		path = { 
			1266 1267 1259 1258 1925 45 
		}
		control = { 
			2757.000000 1986.000000 2806.000000 1998.000000 2813.000000 1971.000000 2805.000000 1954.000000 2809.000000 1942.000000
			2804.000000 1931.000000 
		}
	}
	members = { 
		1266 1280 1281 1282 1929 251 246 4361 4362 253
		4364 4365 250 252 369 4110 4119 373 374 3046
		4121 4380 4118 1978 1979 24 4120 12318 12325 12330
		12331 4379 12322 12319 12320 376 375 12321 4363 372
		12326 14333 4378 12313 12310 12328 12332 4377 12327 12316
		12317 12323 12324 12333 12334 12329 12315 12314 12290 248
		12291 12294 12296 12297 12293 12292 12295 249 12289 2752
		9157 9121 9152 9155 9149 9146 9148 9150 23 9151
		9153 9154 9156 9158 9159 20 9164 9165 9166 9168
		9167 9162 9170 9172 9175 9174 9173 9169 9161 9171
		9163 9160 9120 9135 9178 9182 9183 9186 9187 9185
		9180 9184 9181 9188 9189 9190 9197 9201 9200 9202
		9203 9204 9176 9177 9208 9206 9179 9192 9195 9196
		9191 9193 9199 21 9198 9205 9207 9210 9211 9147
		9145 9140 4862 371 4863 4861 4859 4858 4860 370
		4153 9552 9551 9194 1679 12312 
	}
}
lubeck = { 
	location = 45
	color = { 
		190 70 70 
	}
	outgoing = { 
		name = "english_channel"
		path = { 
			1857 44 1268 1269 1744 
		}
		control = { 
			2790.000000 1913.000000 2753.000000 1922.000000 2711.000000 1910.000000 
		}
	}
	members = { 
		6 12 14 16 17 1874 1981 3008 11365 1984
		11362 11353 11355 11363 11364 11361 11354 11352 11343 4149
		11347 11346 11360 11356 11357 11359 11345 15 11342 11344
		13 4141 1775 12395 45 11358 11349 11348 4142 1983
		11373 11374 11367 11376 12393 9565 9562 9561 9563 12399
		12400 9568 9569 9556 9558 9559 9560 9572 9553 9555
		9557 9554 26 9606 9591 9573 9592 9590 9589 9587
		9574 9588 9584 9575 9586 9576 4163 9585 7 9581
		9583 9577 9602 9567 4165 9566 9604 9603 9605 9570
		1982 9571 9612 9608 9609 9595 9594 9593 4164 9629
		9110 9579 9580 9111 4143 9108 9113 9114 9112 9122
		9128 9124 9123 9118 9125 9127 9132 9130 9131 9129
		9133 9136 9139 9138 9137 4144 9126 9630 9635 9628
		9631 9582 9597 9611 9599 9596 9134 9142 9144 9143
		9141 4145 9610 4166 9619 9618 11369 11368 11371 11372
		11370 11350 11366 12530 12595 48 12520 12521 1858 2994
		12398 47 46 2996 12397 12524 9607 9578 9564 11351
		9601 9598 12527 12529 2995 12594 1857 12396 12394 44
		22 9119 9115 9117 9116 9636 9643 9645 9644 9642
		9670 9669 9641 9637 9626 9625 9600 9623 9640 9633
		5 9632 9634 8 
	}
}
bordeaux = { 
	location = 1276
	color = { 
		36 132 247 
	}
	outgoing = { 
		name = "champagne"
		path = { 
			1275 172 178 184 185 
		}
		control = { 
			2630.000000 1782.000000 2664.000000 1799.000000 2674.000000 1816.000000 
		}
	}
	members = { 
		195 199 169 170 171 172 4384 194 198 4112
		180 4111 4386 4387 173 209 210 174 175 176
		177 178 2989 4389 10696 10695 10670 10669 10671 10668
		10676 10667 10666 10664 10662 10663 
	}
}
champagne = { 
	location = 186
	inland = yes
	color = { 
		193 26 14 
	}
	outgoing = { 
		name = "genua"
		path = { 
			187 193 203 204 201 1297 
		}
		control = { 
			2720.000000 1796.000000 2711.000000 1782.000000 2710.000000 1757.000000 2708.000000 1731.000000 2703.000000 1714.000000
			2736.000000 1708.000000 
		}
	}
	outgoing = { 
		name = "english_channel"
		path = { 
			181 1866 92 1744 1269 
		}
		control = { 
			2704.000000 1845.000000 2705.000000 1864.000000 2686.000000 1869.000000 
		}
	}
	members = { 
		179 182 183 184 185 4388 181 186 188 189
		165 1867 1871 91 93 94 1866 191 192 193
		1877 4392 203 204 205 3004 10680 10679 11695 11325
		10682 10678 11326 10656 11327 10665 10658 10659 10661 10660
		11697 1743 11696 4162 10657 12519 10655 10027 4161 11328
		11329 12392 12391 11331 187 1879 4390 11698 190 
	}
}
sevilla = { 
	location = 1293
	color = { 
		57 160 101 
	}
	outgoing = { 
		name = "valencia"
		path = { 
			223 222 221 1295 
		}
		control = { 
			2562.000000 1591.000000 2620.000000 1602.000000 
		}
	}
	members = { 
		206 207 208 1746 215 216 231 232 217 218
		221 222 223 224 225 226 227 228 229 230
		334 1745 1747 1748 1749 1751 1851 2754 2755 2751
		4150 4546 4547 4548 4551 4552 4553 4554 4555 4556
		4558 4561 4563 368 366 4565 10694 10693 10687 10686
		10685 10684 10689 10690 10691 10692 10688 4857 4856 14268
		219 14267 14266 14265 367 
	}
}
valencia = { 
	location = 1295
	color = { 
		87 70 168 
	}
	outgoing = { 
		name = "genua"
		path = { 
			213 1296 1297 
		}
		control = { 
			2688.000000 1670.000000 2721.000000 1691.000000 2751.000000 1704.000000 
		}
	}
	members = { 
		196 197 200 211 212 213 214 220 333 1750
		2753 2990 2988 2987 4391 4549 4550 4557 4559 4560
		10673 10697 11694 10674 10672 10675 10681 10677 
	}
}
english_channel = { 
	location = 1269
	end = yes
	color = { 
		220 138 57 
	}
	members = { 
		1270 1271 167 4385 87 88 89 241 242 3212
		4366 4369 245 4367 4368 239 240 244 4372 4375
		243 1860 1861 4370 4376 233 234 4130 4373 4374
		235 236 237 238 4371 92 95 98 99 2974
		96 97 4383 100 1931 4381 4382 90 1744 1865
		1742 10654 10025 10026 10017 12273 12272 12281 12283 12284
		12282 12269 12274 12271 12270 12277 12268 12300 12285 12286
		12287 12288 12278 12275 12279 12298 10012 10019 10020 10022
		12276 12301 12309 12308 12307 12306 12305 12302 12280 12304
		12303 10011 10013 10016 10010 10008 10009 10015 10023 10024
		168 10897 10896 247 
	}
}
genua = { 
	location = 1298
	end = yes
	color = { 
		218 215 56 
	}
	members = { 
		1297 125 126 2982 115 116 117 2980 101 102
		2992 103 1875 2979 2981 1247 2986 201 202 2991
		121 2983 104 1862 1298 10683 12360 12362 12365 12363
		12361 12344 12347 12342 12364 127 12390 12389 12388 12368
		12370 12371 120 12374 118 12367 12366 105 12348 12349
		12369 106 12356 12375 12377 12376 12383 12382 12384 12386
		12385 12387 14326 12372 12373 124 
	}
}
venice = { 
	location = 1308
	end = yes
	color = { 
		54 167 156 
	}
	members = { 
		1308 107 108 109 3141 111 11297 11299 12340 12339
		12338 11300 1768 12335 110 1769 112 130 10315 10314
		10311 10310 10312 10309 12341 128 12336 12337 1774 11298
		132 11269 10316 10313 129 11294 11293 1863 10319 10320
		10324 131 10325 10317 113 114 12350 2978 2977 2976
		119 12351 12352 12353 12354 12355 2985 12357 1933 12358
		122 12359 12378 1934 2984 12379 12380 12381 123 
	}
}
